CMDLINE mpiexec -np 10 python full_waveform_inversion.py
MEM 0.500000 1731235059.9437
CHLD 1592321 3.000000 1731235059.9591
MEM 4.800781 1731235060.0613
CHLD 1592321 3.000000 1731235060.0957
CHLD 1592322 2.500000 1731235060.0958
CHLD 1592323 33.328125 1731235060.0958
CHLD 1592324 32.859375 1731235060.0958
CHLD 1592325 32.828125 1731235060.0958
CHLD 1592326 33.859375 1731235060.0958
CHLD 1592327 34.824219 1731235060.0959
CHLD 1592328 32.824219 1731235060.0959
CHLD 1592329 33.859375 1731235060.0959
CHLD 1592330 36.304688 1731235060.0959
CHLD 1592331 28.816406 1731235060.0959
CHLD 1592332 33.324219 1731235060.0960
MEM 4.800781 1731235060.1979
CHLD 1592321 3.000000 1731235060.2201
CHLD 1592322 2.500000 1731235060.2201
CHLD 1592323 40.828125 1731235060.2201
CHLD 1592324 36.859375 1731235060.2201
CHLD 1592325 40.828125 1731235060.2202
CHLD 1592326 41.359375 1731235060.2202
CHLD 1592327 40.824219 1731235060.2202
CHLD 1592328 41.324219 1731235060.2202
CHLD 1592329 41.359375 1731235060.2202
CHLD 1592330 39.804688 1731235060.2202
CHLD 1592331 40.816406 1731235060.2203
CHLD 1592332 40.824219 1731235060.2203
MEM 4.800781 1731235060.3205
CHLD 1592321 3.000000 1731235060.3353
CHLD 1592322 3.500000 1731235060.3354
CHLD 1592323 65.335938 1731235060.3354
CHLD 1592324 65.972656 1731235060.3354
CHLD 1592325 65.472656 1731235060.3354
CHLD 1592326 65.632812 1731235060.3354
CHLD 1592327 66.691406 1731235060.3354
CHLD 1592328 65.324219 1731235060.3354
CHLD 1592329 64.359375 1731235060.3355
CHLD 1592330 65.832031 1731235060.3355
CHLD 1592331 66.953125 1731235060.3355
CHLD 1592332 65.824219 1731235060.3355
MEM 4.800781 1731235060.4357
CHLD 1592321 3.000000 1731235060.4556
CHLD 1592322 3.500000 1731235060.4556
CHLD 1592323 78.835938 1731235060.4556
CHLD 1592324 79.472656 1731235060.4557
CHLD 1592325 78.472656 1731235060.4557
CHLD 1592326 79.132812 1731235060.4557
CHLD 1592327 77.691406 1731235060.4557
CHLD 1592328 78.324219 1731235060.4558
CHLD 1592329 78.359375 1731235060.4558
CHLD 1592330 78.332031 1731235060.4558
CHLD 1592331 79.453125 1731235060.4558
CHLD 1592332 78.324219 1731235060.4558
MEM 4.800781 1731235060.5560
CHLD 1592321 3.000000 1731235060.5701
CHLD 1592322 3.500000 1731235060.5702
CHLD 1592323 85.835938 1731235060.5702
CHLD 1592324 85.972656 1731235060.5702
CHLD 1592325 83.972656 1731235060.5702
CHLD 1592326 85.632812 1731235060.5702
CHLD 1592327 83.191406 1731235060.5702
CHLD 1592328 85.324219 1731235060.5702
CHLD 1592329 85.359375 1731235060.5703
CHLD 1592330 85.332031 1731235060.5703
CHLD 1592331 84.953125 1731235060.5703
CHLD 1592332 83.824219 1731235060.5703
MEM 4.800781 1731235060.6745
CHLD 1592321 3.000000 1731235060.6926
CHLD 1592322 3.500000 1731235060.6926
CHLD 1592323 87.835938 1731235060.6926
CHLD 1592324 89.472656 1731235060.6926
CHLD 1592325 88.472656 1731235060.6927
CHLD 1592326 89.132812 1731235060.6927
CHLD 1592327 88.691406 1731235060.6927
CHLD 1592328 89.824219 1731235060.6927
CHLD 1592329 89.859375 1731235060.6927
CHLD 1592330 88.332031 1731235060.6927
CHLD 1592331 89.953125 1731235060.6928
CHLD 1592332 88.824219 1731235060.6928
MEM 4.800781 1731235060.7930
CHLD 1592321 3.000000 1731235060.8073
CHLD 1592322 3.500000 1731235060.8074
CHLD 1592323 105.335938 1731235060.8074
CHLD 1592324 102.472656 1731235060.8074
CHLD 1592325 100.472656 1731235060.8074
CHLD 1592326 104.632812 1731235060.8074
CHLD 1592327 103.191406 1731235060.8074
CHLD 1592328 102.324219 1731235060.8074
CHLD 1592329 103.859375 1731235060.8075
CHLD 1592330 104.332031 1731235060.8075
CHLD 1592331 103.453125 1731235060.8075
CHLD 1592332 102.324219 1731235060.8075
MEM 4.800781 1731235060.9076
CHLD 1592321 3.000000 1731235060.9220
CHLD 1592322 3.500000 1731235060.9220
CHLD 1592323 122.000000 1731235060.9220
CHLD 1592324 120.292969 1731235060.9220
CHLD 1592325 117.554688 1731235060.9220
CHLD 1592326 121.289062 1731235060.9221
CHLD 1592327 120.031250 1731235060.9221
CHLD 1592328 119.652344 1731235060.9221
CHLD 1592329 121.015625 1731235060.9221
CHLD 1592330 121.789062 1731235060.9221
CHLD 1592331 120.742188 1731235060.9221
CHLD 1592332 118.964844 1731235060.9221
MEM 4.800781 1731235061.0223
CHLD 1592321 3.000000 1731235061.0367
CHLD 1592322 3.500000 1731235061.0367
CHLD 1592323 136.500000 1731235061.0367
CHLD 1592324 134.792969 1731235061.0368
CHLD 1592325 132.054688 1731235061.0368
CHLD 1592326 135.289062 1731235061.0368
CHLD 1592327 135.031250 1731235061.0368
CHLD 1592328 133.652344 1731235061.0368
CHLD 1592329 135.515625 1731235061.0368
CHLD 1592330 136.289062 1731235061.0368
CHLD 1592331 135.742188 1731235061.0368
CHLD 1592332 133.964844 1731235061.0369
MEM 4.800781 1731235061.1371
CHLD 1592321 3.000000 1731235061.1512
CHLD 1592322 3.500000 1731235061.1512
CHLD 1592323 155.500000 1731235061.1512
CHLD 1592324 153.292969 1731235061.1513
CHLD 1592325 150.554688 1731235061.1513
CHLD 1592326 154.289062 1731235061.1513
CHLD 1592327 154.031250 1731235061.1513
CHLD 1592328 152.652344 1731235061.1513
CHLD 1592329 154.515625 1731235061.1513
CHLD 1592330 154.789062 1731235061.1513
CHLD 1592331 154.742188 1731235061.1513
CHLD 1592332 152.464844 1731235061.1514
MEM 4.800781 1731235061.2516
CHLD 1592321 3.000000 1731235061.2660
CHLD 1592322 3.500000 1731235061.2660
CHLD 1592323 167.500000 1731235061.2660
CHLD 1592324 165.292969 1731235061.2660
CHLD 1592325 163.554688 1731235061.2660
CHLD 1592326 166.789062 1731235061.2660
CHLD 1592327 166.031250 1731235061.2661
CHLD 1592328 165.652344 1731235061.2661
CHLD 1592329 167.015625 1731235061.2661
CHLD 1592330 167.289062 1731235061.2661
CHLD 1592331 166.742188 1731235061.2661
CHLD 1592332 164.964844 1731235061.2661
MEM 4.800781 1731235061.3663
CHLD 1592321 3.000000 1731235061.3871
CHLD 1592322 3.500000 1731235061.3872
CHLD 1592323 183.500000 1731235061.3872
CHLD 1592324 181.292969 1731235061.3872
CHLD 1592325 179.554688 1731235061.3872
CHLD 1592326 183.289062 1731235061.3873
CHLD 1592327 182.031250 1731235061.3873
CHLD 1592328 182.152344 1731235061.3873
CHLD 1592329 182.515625 1731235061.3873
CHLD 1592330 183.289062 1731235061.3874
CHLD 1592331 183.242188 1731235061.3874
CHLD 1592332 180.464844 1731235061.3874
MEM 4.800781 1731235061.4877
CHLD 1592321 3.000000 1731235061.5084
CHLD 1592322 3.500000 1731235061.5084
CHLD 1592323 211.500000 1731235061.5084
CHLD 1592324 210.292969 1731235061.5084
CHLD 1592325 208.054688 1731235061.5084
CHLD 1592326 211.789062 1731235061.5085
CHLD 1592327 211.031250 1731235061.5085
CHLD 1592328 210.652344 1731235061.5085
CHLD 1592329 211.515625 1731235061.5085
CHLD 1592330 211.789062 1731235061.5085
CHLD 1592331 210.742188 1731235061.5085
CHLD 1592332 208.964844 1731235061.5086
MEM 4.800781 1731235061.6088
CHLD 1592321 3.000000 1731235061.6316
CHLD 1592322 3.500000 1731235061.6316
CHLD 1592323 221.500000 1731235061.6317
CHLD 1592324 220.292969 1731235061.6317
CHLD 1592325 218.554688 1731235061.6317
CHLD 1592326 221.289062 1731235061.6317
CHLD 1592327 221.031250 1731235061.6317
CHLD 1592328 220.152344 1731235061.6318
CHLD 1592329 221.015625 1731235061.6318
CHLD 1592330 222.289062 1731235061.6318
CHLD 1592331 221.242188 1731235061.6318
CHLD 1592332 218.964844 1731235061.6318
MEM 4.800781 1731235061.7320
CHLD 1592321 3.000000 1731235061.7527
CHLD 1592322 3.500000 1731235061.7528
CHLD 1592323 226.500000 1731235061.7528
CHLD 1592324 225.292969 1731235061.7528
CHLD 1592325 223.554688 1731235061.7528
CHLD 1592326 226.289062 1731235061.7528
CHLD 1592327 226.031250 1731235061.7528
CHLD 1592328 225.152344 1731235061.7529
CHLD 1592329 226.015625 1731235061.7529
CHLD 1592330 227.289062 1731235061.7529
CHLD 1592331 226.242188 1731235061.7529
CHLD 1592332 223.464844 1731235061.7529
CHLD 1593790 0.000000 1731235061.7530
CHLD 1593784 0.000000 1731235061.7530
CHLD 1593780 12.761719 1731235061.7530
CHLD 1593781 0.000000 1731235061.7530
CHLD 1593786 0.000000 1731235061.7530
CHLD 1593783 0.000000 1731235061.7531
CHLD 1593779 0.000000 1731235061.7531
CHLD 0 0.000000 1731235061.7531
MEM 4.800781 1731235061.8534
CHLD 1592321 3.000000 1731235061.8677
CHLD 1592322 3.500000 1731235061.8677
CHLD 1592323 239.109375 1731235061.8677
CHLD 1592324 238.394531 1731235061.8678
CHLD 1592325 236.730469 1731235061.8678
CHLD 1592326 239.410156 1731235061.8678
CHLD 1592327 239.121094 1731235061.8678
CHLD 1592328 238.523438 1731235061.8679
CHLD 1592329 238.203125 1731235061.8679
CHLD 1592330 240.390625 1731235061.8679
CHLD 1592331 238.652344 1731235061.8679
CHLD 1592332 236.074219 1731235061.8679
MEM 4.800781 1731235061.9681
CHLD 1592321 3.000000 1731235061.9849
CHLD 1592322 3.500000 1731235061.9850
CHLD 1592323 278.898438 1731235061.9850
CHLD 1592324 258.847656 1731235061.9850
CHLD 1592325 283.425781 1731235061.9851
CHLD 1592326 259.457031 1731235061.9851
CHLD 1592327 282.304688 1731235061.9851
CHLD 1592328 282.734375 1731235061.9851
CHLD 1592329 259.097656 1731235061.9851
CHLD 1592330 270.035156 1731235061.9851
CHLD 1592331 278.347656 1731235061.9852
CHLD 1592332 257.390625 1731235061.9852
MEM 4.800781 1731235062.0912
CHLD 1592321 3.000000 1731235062.1501
CHLD 1592322 3.500000 1731235062.1502
CHLD 1592323 306.980469 1731235062.1502
CHLD 1592324 298.835938 1731235062.1502
CHLD 1592325 299.460938 1731235062.1502
CHLD 1592326 302.097656 1731235062.1502
CHLD 1592327 300.976562 1731235062.1502
CHLD 1592328 301.460938 1731235062.1503
CHLD 1592329 306.230469 1731235062.1503
CHLD 1592330 303.152344 1731235062.1503
CHLD 1592331 300.894531 1731235062.1503
CHLD 1592332 304.386719 1731235062.1503
MEM 4.800781 1731235062.2509
CHLD 1592321 3.000000 1731235062.2683
CHLD 1592322 3.500000 1731235062.2683
CHLD 1592323 405.871094 1731235062.2684
CHLD 1592324 405.796875 1731235062.2684
CHLD 1592325 405.191406 1731235062.2684
CHLD 1592326 407.070312 1731235062.2684
CHLD 1592327 404.769531 1731235062.2684
CHLD 1592328 405.539062 1731235062.2684
CHLD 1592329 406.320312 1731235062.2684
CHLD 1592330 408.148438 1731235062.2685
CHLD 1592331 404.453125 1731235062.2685
CHLD 1592332 403.070312 1731235062.2685
MEM 4.800781 1731235062.3687
CHLD 1592321 3.000000 1731235062.3852
CHLD 1592322 3.500000 1731235062.3852
CHLD 1592323 471.835938 1731235062.3852
CHLD 1592324 469.761719 1731235062.3852
CHLD 1592325 469.656250 1731235062.3852
CHLD 1592326 471.035156 1731235062.3852
CHLD 1592327 470.746094 1731235062.3852
CHLD 1592328 471.507812 1731235062.3853
CHLD 1592329 470.285156 1731235062.3853
CHLD 1592330 472.113281 1731235062.3853
CHLD 1592331 470.417969 1731235062.3853
CHLD 1592332 469.035156 1731235062.3853
MEM 4.800781 1731235062.4855
CHLD 1592321 3.000000 1731235062.5002
CHLD 1592322 3.500000 1731235062.5002
CHLD 1592323 315.285156 1731235062.5002
CHLD 1592324 312.875000 1731235062.5003
CHLD 1592325 314.949219 1731235062.5003
CHLD 1592326 314.300781 1731235062.5003
CHLD 1592327 314.082031 1731235062.5003
CHLD 1592328 314.792969 1731235062.5003
CHLD 1592329 315.859375 1731235062.5003
CHLD 1592330 315.859375 1731235062.5003
CHLD 1592331 313.753906 1731235062.5003
CHLD 1592332 314.316406 1731235062.5004
MEM 4.800781 1731235062.6005
CHLD 1592321 3.000000 1731235062.6140
CHLD 1592322 3.500000 1731235062.6140
CHLD 1592323 323.734375 1731235062.6140
CHLD 1592324 316.281250 1731235062.6141
CHLD 1592325 316.531250 1731235062.6141
CHLD 1592326 317.609375 1731235062.6141
CHLD 1592327 316.769531 1731235062.6141
CHLD 1592328 318.175781 1731235062.6141
CHLD 1592329 316.394531 1731235062.6141
CHLD 1592330 319.242188 1731235062.6141
CHLD 1592331 317.136719 1731235062.6141
CHLD 1592332 323.285156 1731235062.6142
MEM 4.800781 1731235062.7212
CHLD 1592321 3.000000 1731235062.7443
CHLD 1592322 3.500000 1731235062.7443
CHLD 1592323 331.449219 1731235062.7443
CHLD 1592324 327.402344 1731235062.7443
CHLD 1592325 324.777344 1731235062.7443
CHLD 1592326 327.351562 1731235062.7443
CHLD 1592327 320.769531 1731235062.7443
CHLD 1592328 329.390625 1731235062.7444
CHLD 1592329 327.285156 1731235062.7444
CHLD 1592330 328.472656 1731235062.7444
CHLD 1592331 326.453125 1731235062.7444
CHLD 1592332 327.050781 1731235062.7444
MEM 4.800781 1731235062.8446
CHLD 1592321 3.000000 1731235062.8577
CHLD 1592322 3.500000 1731235062.8578
CHLD 1592323 353.328125 1731235062.8578
CHLD 1592324 359.781250 1731235062.8578
CHLD 1592325 342.785156 1731235062.8578
CHLD 1592326 355.730469 1731235062.8578
CHLD 1592327 343.378906 1731235062.8578
CHLD 1592328 361.769531 1731235062.8578
CHLD 1592329 356.171875 1731235062.8579
CHLD 1592330 348.355469 1731235062.8579
CHLD 1592331 348.832031 1731235062.8579
CHLD 1592332 359.171875 1731235062.8579
MEM 4.800781 1731235062.9581
CHLD 1592321 3.000000 1731235062.9732
CHLD 1592322 3.500000 1731235062.9732
CHLD 1592323 362.312500 1731235062.9732
CHLD 1592324 358.269531 1731235062.9732
CHLD 1592325 355.777344 1731235062.9732
CHLD 1592326 359.718750 1731235062.9733
CHLD 1592327 356.375000 1731235062.9733
CHLD 1592328 360.257812 1731235062.9733
CHLD 1592329 357.718750 1731235062.9733
CHLD 1592330 359.406250 1731235062.9733
CHLD 1592331 357.320312 1731235062.9733
CHLD 1592332 357.664062 1731235062.9733
MEM 4.800781 1731235063.0736
CHLD 1592321 3.000000 1731235063.0881
CHLD 1592322 3.500000 1731235063.0882
CHLD 1592323 367.312500 1731235063.0882
CHLD 1592324 361.769531 1731235063.0882
CHLD 1592325 361.277344 1731235063.0882
CHLD 1592326 363.718750 1731235063.0882
CHLD 1592327 361.875000 1731235063.0882
CHLD 1592328 363.757812 1731235063.0882
CHLD 1592329 362.218750 1731235063.0883
CHLD 1592330 364.906250 1731235063.0883
CHLD 1592331 362.320312 1731235063.0883
CHLD 1592332 360.164062 1731235063.0883
MEM 4.800781 1731235063.1885
CHLD 1592321 3.000000 1731235063.2045
CHLD 1592322 3.500000 1731235063.2045
CHLD 1592323 402.746094 1731235063.2046
CHLD 1592324 397.363281 1731235063.2046
CHLD 1592325 396.675781 1731235063.2046
CHLD 1592326 399.281250 1731235063.2046
CHLD 1592327 397.445312 1731235063.2046
CHLD 1592328 399.242188 1731235063.2046
CHLD 1592329 397.664062 1731235063.2046
CHLD 1592330 400.371094 1731235063.2046
CHLD 1592331 397.769531 1731235063.2047
CHLD 1592332 395.554688 1731235063.2047
MEM 4.800781 1731235063.3049
CHLD 1592321 3.000000 1731235063.3251
CHLD 1592322 3.500000 1731235063.3251
CHLD 1592323 344.414062 1731235063.3251
CHLD 1592324 338.945312 1731235063.3251
CHLD 1592325 338.753906 1731235063.3251
CHLD 1592326 341.351562 1731235063.3252
CHLD 1592327 339.894531 1731235063.3252
CHLD 1592328 340.781250 1731235063.3252
CHLD 1592329 339.230469 1731235063.3252
CHLD 1592330 341.941406 1731235063.3252
CHLD 1592331 339.316406 1731235063.3252
CHLD 1592332 337.238281 1731235063.3252
MEM 4.800781 1731235063.4254
CHLD 1592321 3.000000 1731235063.4395
CHLD 1592322 3.500000 1731235063.4395
CHLD 1592323 344.914062 1731235063.4395
CHLD 1592324 339.445312 1731235063.4396
CHLD 1592325 339.253906 1731235063.4396
CHLD 1592326 341.351562 1731235063.4396
CHLD 1592327 339.894531 1731235063.4396
CHLD 1592328 340.781250 1731235063.4396
CHLD 1592329 339.230469 1731235063.4396
CHLD 1592330 341.941406 1731235063.4396
CHLD 1592331 339.316406 1731235063.4396
CHLD 1592332 337.238281 1731235063.4397
MEM 4.800781 1731235063.5398
CHLD 1592321 3.000000 1731235063.5523
CHLD 1592322 3.500000 1731235063.5524
CHLD 1592323 344.914062 1731235063.5524
CHLD 1592324 339.445312 1731235063.5524
CHLD 1592325 339.253906 1731235063.5524
CHLD 1592326 341.351562 1731235063.5524
CHLD 1592327 339.894531 1731235063.5524
CHLD 1592328 340.781250 1731235063.5524
CHLD 1592329 339.230469 1731235063.5524
CHLD 1592330 341.941406 1731235063.5525
CHLD 1592331 339.316406 1731235063.5525
CHLD 1592332 337.238281 1731235063.5525
MEM 4.800781 1731235063.6526
CHLD 1592321 3.000000 1731235063.6650
CHLD 1592322 3.500000 1731235063.6650
CHLD 1592323 344.914062 1731235063.6650
CHLD 1592324 339.445312 1731235063.6650
CHLD 1592325 339.253906 1731235063.6650
CHLD 1592326 341.351562 1731235063.6650
CHLD 1592327 339.894531 1731235063.6650
CHLD 1592328 340.781250 1731235063.6650
CHLD 1592329 339.230469 1731235063.6651
CHLD 1592330 341.941406 1731235063.6651
CHLD 1592331 339.316406 1731235063.6651
CHLD 1592332 337.238281 1731235063.6651
MEM 4.800781 1731235063.7654
CHLD 1592321 3.000000 1731235063.7868
CHLD 1592322 3.500000 1731235063.7868
CHLD 1592323 346.414062 1731235063.7868
CHLD 1592324 339.945312 1731235063.7868
CHLD 1592325 340.253906 1731235063.7869
CHLD 1592326 342.851562 1731235063.7869
CHLD 1592327 340.894531 1731235063.7869
CHLD 1592328 342.281250 1731235063.7869
CHLD 1592329 340.730469 1731235063.7870
CHLD 1592330 343.441406 1731235063.7870
CHLD 1592331 340.816406 1731235063.7870
CHLD 1592332 339.738281 1731235063.7870
MEM 4.800781 1731235063.8872
CHLD 1592321 3.000000 1731235063.9019
CHLD 1592322 3.500000 1731235063.9019
CHLD 1592323 347.414062 1731235063.9019
CHLD 1592324 341.445312 1731235063.9019
CHLD 1592325 341.253906 1731235063.9019
CHLD 1592326 343.851562 1731235063.9019
CHLD 1592327 342.394531 1731235063.9020
CHLD 1592328 343.281250 1731235063.9020
CHLD 1592329 341.730469 1731235063.9020
CHLD 1592330 343.941406 1731235063.9020
CHLD 1592331 341.816406 1731235063.9020
CHLD 1592332 340.238281 1731235063.9020
MEM 4.800781 1731235064.0022
CHLD 1592321 3.000000 1731235064.0168
CHLD 1592322 3.500000 1731235064.0168
CHLD 1592323 348.914062 1731235064.0169
CHLD 1592324 341.945312 1731235064.0169
CHLD 1592325 341.753906 1731235064.0169
CHLD 1592326 344.351562 1731235064.0169
CHLD 1592327 342.894531 1731235064.0169
CHLD 1592328 344.281250 1731235064.0169
CHLD 1592329 342.230469 1731235064.0169
CHLD 1592330 344.441406 1731235064.0169
CHLD 1592331 342.816406 1731235064.0170
CHLD 1592332 341.238281 1731235064.0170
MEM 4.800781 1731235064.1246
CHLD 1592321 3.000000 1731235064.1632
CHLD 1592322 3.500000 1731235064.1632
CHLD 1592323 349.414062 1731235064.1632
CHLD 1592324 342.445312 1731235064.1633
CHLD 1592325 342.253906 1731235064.1633
CHLD 1592326 345.351562 1731235064.1633
CHLD 1592327 343.394531 1731235064.1633
CHLD 1592328 344.781250 1731235064.1633
CHLD 1592329 343.730469 1731235064.1633
CHLD 1592330 345.441406 1731235064.1634
CHLD 1592331 344.316406 1731235064.1634
CHLD 1592332 342.738281 1731235064.1634
MEM 4.800781 1731235064.2646
CHLD 1592321 3.000000 1731235064.2972
CHLD 1592322 3.500000 1731235064.2972
CHLD 1592323 349.414062 1731235064.2972
CHLD 1592324 346.992188 1731235064.2972
CHLD 1592325 346.253906 1731235064.2972
CHLD 1592326 349.351562 1731235064.2973
CHLD 1592327 347.394531 1731235064.2973
CHLD 1592328 344.781250 1731235064.2973
CHLD 1592329 344.230469 1731235064.2973
CHLD 1592330 345.441406 1731235064.2973
CHLD 1592331 344.816406 1731235064.2973
CHLD 1592332 347.738281 1731235064.2974
MEM 4.800781 1731235064.4013
CHLD 1592321 3.000000 1731235064.4618
CHLD 1592322 3.500000 1731235064.4618
CHLD 1592323 358.414062 1731235064.4618
CHLD 1592324 352.492188 1731235064.4618
CHLD 1592325 351.753906 1731235064.4618
CHLD 1592326 354.851562 1731235064.4619
CHLD 1592327 353.394531 1731235064.4619
CHLD 1592328 354.781250 1731235064.4619
CHLD 1592329 354.230469 1731235064.4619
CHLD 1592330 348.441406 1731235064.4619
CHLD 1592331 350.816406 1731235064.4619
CHLD 1592332 355.238281 1731235064.4619
MEM 4.800781 1731235064.5625
CHLD 1592321 3.000000 1731235064.5902
CHLD 1592322 3.500000 1731235064.5902
CHLD 1592323 358.414062 1731235064.5902
CHLD 1592324 352.492188 1731235064.5903
CHLD 1592325 351.753906 1731235064.5903
CHLD 1592326 355.351562 1731235064.5903
CHLD 1592327 353.394531 1731235064.5903
CHLD 1592328 354.781250 1731235064.5903
CHLD 1592329 354.230469 1731235064.5903
CHLD 1592330 355.441406 1731235064.5904
CHLD 1592331 353.816406 1731235064.5904
CHLD 1592332 355.238281 1731235064.5904
MEM 4.800781 1731235064.6906
CHLD 1592321 3.000000 1731235064.7538
CHLD 1592322 3.500000 1731235064.7538
CHLD 1592323 359.414062 1731235064.7539
CHLD 1592324 355.492188 1731235064.7539
CHLD 1592325 352.753906 1731235064.7539
CHLD 1592326 357.351562 1731235064.7539
CHLD 1592327 354.394531 1731235064.7539
CHLD 1592328 355.281250 1731235064.7539
CHLD 1592329 356.730469 1731235064.7540
CHLD 1592330 355.441406 1731235064.7540
CHLD 1592331 353.816406 1731235064.7540
CHLD 1592332 355.238281 1731235064.7540
MEM 4.800781 1731235064.8575
CHLD 1592321 3.000000 1731235064.9530
CHLD 1592322 3.500000 1731235064.9530
CHLD 1592323 361.414062 1731235064.9530
CHLD 1592324 356.992188 1731235064.9530
CHLD 1592325 354.753906 1731235064.9531
CHLD 1592326 361.851562 1731235064.9531
CHLD 1592327 356.394531 1731235064.9531
CHLD 1592328 357.281250 1731235064.9531
CHLD 1592329 358.730469 1731235064.9531
CHLD 1592330 357.941406 1731235064.9531
CHLD 1592331 356.816406 1731235064.9531
CHLD 1592332 356.238281 1731235064.9532
MEM 4.800781 1731235065.0679
CHLD 1592321 3.000000 1731235065.1341
CHLD 1592322 3.500000 1731235065.1341
CHLD 1592323 365.914062 1731235065.1341
CHLD 1592324 364.492188 1731235065.1342
CHLD 1592325 360.753906 1731235065.1342
CHLD 1592326 366.351562 1731235065.1342
CHLD 1592327 358.394531 1731235065.1342
CHLD 1592328 359.781250 1731235065.1342
CHLD 1592329 364.730469 1731235065.1342
CHLD 1592330 358.441406 1731235065.1343
CHLD 1592331 358.816406 1731235065.1343
CHLD 1592332 362.738281 1731235065.1343
MEM 4.800781 1731235065.2405
CHLD 1592321 3.000000 1731235065.2914
CHLD 1592322 3.500000 1731235065.2914
CHLD 1592323 370.414062 1731235065.2914
CHLD 1592324 364.492188 1731235065.2915
CHLD 1592325 364.253906 1731235065.2915
CHLD 1592326 366.351562 1731235065.2915
CHLD 1592327 363.394531 1731235065.2915
CHLD 1592328 364.781250 1731235065.2915
CHLD 1592329 365.730469 1731235065.2915
CHLD 1592330 365.941406 1731235065.2916
CHLD 1592331 364.816406 1731235065.2916
CHLD 1592332 365.738281 1731235065.2916
MEM 4.800781 1731235065.3921
CHLD 1592321 3.000000 1731235065.4468
CHLD 1592322 3.500000 1731235065.4469
CHLD 1592323 370.414062 1731235065.4469
CHLD 1592324 364.492188 1731235065.4469
CHLD 1592325 364.753906 1731235065.4469
CHLD 1592326 366.351562 1731235065.4469
CHLD 1592327 364.394531 1731235065.4469
CHLD 1592328 366.281250 1731235065.4470
CHLD 1592329 365.730469 1731235065.4470
CHLD 1592330 367.941406 1731235065.4470
CHLD 1592331 365.816406 1731235065.4470
CHLD 1592332 365.738281 1731235065.4470
MEM 4.800781 1731235065.5680
CHLD 1592321 3.000000 1731235065.6257
CHLD 1592322 3.500000 1731235065.6257
CHLD 1592323 370.914062 1731235065.6258
CHLD 1592324 367.492188 1731235065.6258
CHLD 1592325 370.253906 1731235065.6258
CHLD 1592326 372.851562 1731235065.6258
CHLD 1592327 364.394531 1731235065.6258
CHLD 1592328 366.281250 1731235065.6258
CHLD 1592329 367.730469 1731235065.6259
CHLD 1592330 367.941406 1731235065.6259
CHLD 1592331 365.816406 1731235065.6259
CHLD 1592332 365.738281 1731235065.6259
MEM 4.800781 1731235065.7546
CHLD 1592321 3.000000 1731235065.8210
CHLD 1592322 3.500000 1731235065.8210
CHLD 1592323 377.414062 1731235065.8210
CHLD 1592324 369.992188 1731235065.8211
CHLD 1592325 370.253906 1731235065.8211
CHLD 1592326 372.851562 1731235065.8211
CHLD 1592327 368.894531 1731235065.8211
CHLD 1592328 367.281250 1731235065.8326
CHLD 1592329 371.730469 1731235065.8326
CHLD 1592330 374.941406 1731235065.8326
CHLD 1592331 372.316406 1731235065.8326
CHLD 1592332 365.738281 1731235065.8326
MEM 4.800781 1731235065.9346
CHLD 1592321 3.000000 1731235066.0078
CHLD 1592322 3.500000 1731235066.0078
CHLD 1592323 377.414062 1731235066.0078
CHLD 1592324 369.992188 1731235066.0078
CHLD 1592325 370.253906 1731235066.0078
CHLD 1592326 373.351562 1731235066.0079
CHLD 1592327 371.394531 1731235066.0079
CHLD 1592328 372.281250 1731235066.0079
CHLD 1592329 371.730469 1731235066.0079
CHLD 1592330 374.941406 1731235066.0079
CHLD 1592331 372.316406 1731235066.0079
CHLD 1592332 365.738281 1731235066.0080
MEM 4.800781 1731235066.1142
CHLD 1592321 3.000000 1731235066.1453
CHLD 1592322 3.500000 1731235066.1453
CHLD 1592323 377.414062 1731235066.1453
CHLD 1592324 370.492188 1731235066.1453
CHLD 1592325 371.253906 1731235066.1454
CHLD 1592326 373.351562 1731235066.1454
CHLD 1592327 371.394531 1731235066.1454
CHLD 1592328 372.281250 1731235066.1454
CHLD 1592329 371.730469 1731235066.1454
CHLD 1592330 374.941406 1731235066.1454
CHLD 1592331 372.316406 1731235066.1454
CHLD 1592332 365.738281 1731235066.1455
MEM 4.800781 1731235066.2519
CHLD 1592321 3.000000 1731235066.2936
CHLD 1592322 3.500000 1731235066.2936
CHLD 1592323 378.414062 1731235066.2937
CHLD 1592324 370.492188 1731235066.2937
CHLD 1592325 371.253906 1731235066.2937
CHLD 1592326 373.351562 1731235066.2937
CHLD 1592327 372.394531 1731235066.2937
CHLD 1592328 372.281250 1731235066.2937
CHLD 1592329 372.730469 1731235066.2937
CHLD 1592330 375.941406 1731235066.2938
CHLD 1592331 372.316406 1731235066.2938
CHLD 1592332 365.738281 1731235066.2938
MEM 4.800781 1731235066.4062
CHLD 1592321 3.000000 1731235066.4676
CHLD 1592322 3.500000 1731235066.4677
CHLD 1592323 378.414062 1731235066.4677
CHLD 1592324 370.492188 1731235066.4677
CHLD 1592325 371.253906 1731235066.4677
CHLD 1592326 375.851562 1731235066.4677
CHLD 1592327 372.394531 1731235066.4678
CHLD 1592328 372.781250 1731235066.4678
CHLD 1592329 372.730469 1731235066.4678
CHLD 1592330 375.941406 1731235066.4678
CHLD 1592331 373.316406 1731235066.4678
CHLD 1592332 365.738281 1731235066.4678
MEM 4.800781 1731235066.5680
CHLD 1592321 3.000000 1731235066.6558
CHLD 1592322 3.500000 1731235066.6558
CHLD 1592323 378.914062 1731235066.6558
CHLD 1592324 373.492188 1731235066.6558
CHLD 1592325 371.253906 1731235066.6559
CHLD 1592326 375.851562 1731235066.6559
CHLD 1592327 372.394531 1731235066.6559
CHLD 1592328 372.781250 1731235066.6559
CHLD 1592329 375.230469 1731235066.6559
CHLD 1592330 375.941406 1731235066.6559
CHLD 1592331 373.316406 1731235066.6560
CHLD 1592332 371.238281 1731235066.6560
MEM 4.800781 1731235066.7563
CHLD 1592321 3.000000 1731235066.8157
CHLD 1592322 3.500000 1731235066.8157
CHLD 1592323 381.914062 1731235066.8157
CHLD 1592324 373.492188 1731235066.8158
CHLD 1592325 374.253906 1731235066.8158
CHLD 1592326 375.851562 1731235066.8158
CHLD 1592327 374.894531 1731235066.8158
CHLD 1592328 375.281250 1731235066.8158
CHLD 1592329 375.230469 1731235066.8158
CHLD 1592330 378.441406 1731235066.8159
CHLD 1592331 375.816406 1731235066.8159
CHLD 1592332 371.238281 1731235066.8159
MEM 4.800781 1731235066.9279
CHLD 1592321 3.000000 1731235066.9990
CHLD 1592322 3.500000 1731235066.9991
CHLD 1592323 381.914062 1731235066.9991
CHLD 1592324 373.492188 1731235066.9991
CHLD 1592325 374.253906 1731235066.9991
CHLD 1592326 375.851562 1731235066.9991
CHLD 1592327 374.894531 1731235066.9991
CHLD 1592328 375.281250 1731235066.9992
CHLD 1592329 375.230469 1731235066.9992
CHLD 1592330 378.441406 1731235066.9992
CHLD 1592331 375.816406 1731235066.9992
CHLD 1592332 371.738281 1731235066.9992
MEM 4.800781 1731235067.1028
CHLD 1592321 3.000000 1731235067.1511
CHLD 1592322 3.500000 1731235067.1511
CHLD 1592323 381.914062 1731235067.1511
CHLD 1592324 373.492188 1731235067.1511
CHLD 1592325 374.253906 1731235067.1512
CHLD 1592326 375.851562 1731235067.1512
CHLD 1592327 374.894531 1731235067.1512
CHLD 1592328 375.281250 1731235067.1512
CHLD 1592329 375.230469 1731235067.1512
CHLD 1592330 378.441406 1731235067.1512
CHLD 1592331 375.816406 1731235067.1513
CHLD 1592332 371.738281 1731235067.1513
MEM 4.800781 1731235067.2515
CHLD 1592321 3.000000 1731235067.2905
CHLD 1592322 3.500000 1731235067.2905
CHLD 1592323 381.914062 1731235067.2905
CHLD 1592324 373.492188 1731235067.2905
CHLD 1592325 374.253906 1731235067.2905
CHLD 1592326 375.851562 1731235067.2905
CHLD 1592327 374.894531 1731235067.2906
CHLD 1592328 375.281250 1731235067.2906
CHLD 1592329 375.230469 1731235067.2906
CHLD 1592330 378.441406 1731235067.2906
CHLD 1592331 375.816406 1731235067.2906
CHLD 1592332 371.738281 1731235067.2906
MEM 4.800781 1731235067.4046
CHLD 1592321 3.000000 1731235067.4882
CHLD 1592322 3.500000 1731235067.4883
CHLD 1592323 381.914062 1731235067.4883
CHLD 1592324 373.492188 1731235067.4883
CHLD 1592325 374.253906 1731235067.4883
CHLD 1592326 375.851562 1731235067.4883
CHLD 1592327 374.894531 1731235067.4883
CHLD 1592328 375.281250 1731235067.4884
CHLD 1592329 375.230469 1731235067.4884
CHLD 1592330 378.441406 1731235067.4884
CHLD 1592331 375.816406 1731235067.4884
CHLD 1592332 374.738281 1731235067.4884
MEM 4.800781 1731235067.5886
CHLD 1592321 3.000000 1731235067.6104
CHLD 1592322 3.500000 1731235067.6105
CHLD 1592323 381.914062 1731235067.6105
CHLD 1592324 373.492188 1731235067.6105
CHLD 1592325 374.753906 1731235067.6105
CHLD 1592326 381.851562 1731235067.6105
CHLD 1592327 374.894531 1731235067.6105
CHLD 1592328 375.281250 1731235067.6106
CHLD 1592329 375.230469 1731235067.6106
CHLD 1592330 378.441406 1731235067.6106
CHLD 1592331 375.816406 1731235067.6106
CHLD 1592332 374.738281 1731235067.6106
MEM 4.800781 1731235067.7213
CHLD 1592321 3.000000 1731235067.7476
CHLD 1592322 3.500000 1731235067.7476
CHLD 1592323 381.914062 1731235067.7476
CHLD 1592324 373.492188 1731235067.7476
CHLD 1592325 374.753906 1731235067.7477
CHLD 1592326 381.851562 1731235067.7477
CHLD 1592327 374.894531 1731235067.7477
CHLD 1592328 375.281250 1731235067.7477
CHLD 1592329 375.230469 1731235067.7477
CHLD 1592330 378.441406 1731235067.7477
CHLD 1592331 375.816406 1731235067.7478
CHLD 1592332 374.738281 1731235067.7492
MEM 4.800781 1731235067.8546
CHLD 1592321 3.000000 1731235067.9265
CHLD 1592322 3.500000 1731235067.9265
CHLD 1592323 387.414062 1731235067.9266
CHLD 1592324 376.492188 1731235067.9266
CHLD 1592325 374.753906 1731235067.9266
CHLD 1592326 381.851562 1731235067.9266
CHLD 1592327 374.894531 1731235067.9266
CHLD 1592328 375.281250 1731235067.9266
CHLD 1592329 380.230469 1731235067.9267
CHLD 1592330 378.441406 1731235067.9267
CHLD 1592331 375.816406 1731235067.9267
CHLD 1592332 374.738281 1731235067.9267
MEM 4.800781 1731235068.0338
CHLD 1592321 3.000000 1731235068.0898
CHLD 1592322 3.500000 1731235068.0898
CHLD 1592323 387.414062 1731235068.0898
CHLD 1592324 379.492188 1731235068.0898
CHLD 1592325 380.753906 1731235068.0898
CHLD 1592326 381.851562 1731235068.0899
CHLD 1592327 376.394531 1731235068.0899
CHLD 1592328 375.281250 1731235068.0899
CHLD 1592329 380.230469 1731235068.0899
CHLD 1592330 383.941406 1731235068.0899
CHLD 1592331 375.816406 1731235068.0899
CHLD 1592332 374.738281 1731235068.0900
MEM 4.800781 1731235068.1919
CHLD 1592321 3.000000 1731235068.2329
CHLD 1592322 3.500000 1731235068.2330
CHLD 1592323 387.414062 1731235068.2330
CHLD 1592324 379.492188 1731235068.2330
CHLD 1592325 380.753906 1731235068.2330
CHLD 1592326 382.851562 1731235068.2330
CHLD 1592327 380.394531 1731235068.2330
CHLD 1592328 378.281250 1731235068.2331
CHLD 1592329 380.230469 1731235068.2331
CHLD 1592330 383.941406 1731235068.2331
CHLD 1592331 378.816406 1731235068.2331
CHLD 1592332 374.738281 1731235068.2331
MEM 4.800781 1731235068.3480
CHLD 1592321 3.000000 1731235068.4324
CHLD 1592322 3.500000 1731235068.4324
CHLD 1592323 388.414062 1731235068.4324
CHLD 1592324 380.492188 1731235068.4324
CHLD 1592325 380.753906 1731235068.4324
CHLD 1592326 382.851562 1731235068.4325
CHLD 1592327 380.394531 1731235068.4325
CHLD 1592328 380.781250 1731235068.4325
CHLD 1592329 381.230469 1731235068.4325
CHLD 1592330 383.941406 1731235068.4325
CHLD 1592331 381.316406 1731235068.4325
CHLD 1592332 374.738281 1731235068.4325
MEM 4.800781 1731235068.5328
CHLD 1592321 3.000000 1731235068.5824
CHLD 1592322 3.500000 1731235068.5824
CHLD 1592323 388.414062 1731235068.5824
CHLD 1592324 380.492188 1731235068.5824
CHLD 1592325 381.753906 1731235068.5824
CHLD 1592326 382.851562 1731235068.5825
CHLD 1592327 380.394531 1731235068.5825
CHLD 1592328 380.781250 1731235068.5825
CHLD 1592329 381.230469 1731235068.5825
CHLD 1592330 384.941406 1731235068.5825
CHLD 1592331 381.316406 1731235068.5825
CHLD 1592332 374.738281 1731235068.5825
MEM 4.800781 1731235068.6842
CHLD 1592321 3.000000 1731235068.7502
CHLD 1592322 3.500000 1731235068.7502
CHLD 1592323 388.414062 1731235068.7503
CHLD 1592324 380.492188 1731235068.7503
CHLD 1592325 381.753906 1731235068.7503
CHLD 1592326 385.351562 1731235068.7503
CHLD 1592327 381.394531 1731235068.7503
CHLD 1592328 381.281250 1731235068.7503
CHLD 1592329 384.230469 1731235068.7504
CHLD 1592330 384.941406 1731235068.7504
CHLD 1592331 381.316406 1731235068.7504
CHLD 1592332 380.238281 1731235068.7504
MEM 4.800781 1731235068.8508
CHLD 1592321 3.000000 1731235068.8756
CHLD 1592322 3.500000 1731235068.8756
CHLD 1592323 390.914062 1731235068.8756
CHLD 1592324 380.492188 1731235068.8756
CHLD 1592325 381.753906 1731235068.8756
CHLD 1592326 385.351562 1731235068.8757
CHLD 1592327 381.394531 1731235068.8757
CHLD 1592328 381.281250 1731235068.8757
CHLD 1592329 384.230469 1731235068.8757
CHLD 1592330 384.941406 1731235068.8757
CHLD 1592331 382.316406 1731235068.8757
CHLD 1592332 380.238281 1731235068.8757
MEM 4.800781 1731235068.9946
CHLD 1592321 3.000000 1731235069.0202
CHLD 1592322 3.500000 1731235069.0202
CHLD 1592323 390.914062 1731235069.0202
CHLD 1592324 383.492188 1731235069.0203
CHLD 1592325 384.253906 1731235069.0203
CHLD 1592326 385.351562 1731235069.0203
CHLD 1592327 381.394531 1731235069.0203
CHLD 1592328 381.281250 1731235069.0203
CHLD 1592329 384.230469 1731235069.0203
CHLD 1592330 387.441406 1731235069.0204
CHLD 1592331 382.316406 1731235069.0204
CHLD 1592332 380.238281 1731235069.0204
MEM 4.800781 1731235069.1213
CHLD 1592321 3.000000 1731235069.1430
CHLD 1592322 3.500000 1731235069.1431
CHLD 1592323 390.914062 1731235069.1431
CHLD 1592324 383.492188 1731235069.1431
CHLD 1592325 384.253906 1731235069.1431
CHLD 1592326 385.351562 1731235069.1431
CHLD 1592327 384.394531 1731235069.1432
CHLD 1592328 381.281250 1731235069.1432
CHLD 1592329 384.230469 1731235069.1432
CHLD 1592330 387.441406 1731235069.1432
CHLD 1592331 382.316406 1731235069.1432
CHLD 1592332 380.238281 1731235069.1432
MEM 4.800781 1731235069.2461
CHLD 1592321 3.000000 1731235069.2830
CHLD 1592322 3.500000 1731235069.2830
CHLD 1592323 390.914062 1731235069.2831
CHLD 1592324 383.492188 1731235069.2831
CHLD 1592325 384.253906 1731235069.2831
CHLD 1592326 385.851562 1731235069.2832
CHLD 1592327 384.394531 1731235069.2832
CHLD 1592328 383.781250 1731235069.2832
CHLD 1592329 384.230469 1731235069.2832
CHLD 1592330 387.441406 1731235069.2832
CHLD 1592331 382.316406 1731235069.2832
CHLD 1592332 380.238281 1731235069.2833
MEM 4.800781 1731235069.3879
CHLD 1592321 3.000000 1731235069.4453
CHLD 1592322 3.500000 1731235069.4453
CHLD 1592323 390.914062 1731235069.4453
CHLD 1592324 383.492188 1731235069.4453
CHLD 1592325 384.253906 1731235069.4454
CHLD 1592326 385.851562 1731235069.4454
CHLD 1592327 384.394531 1731235069.4454
CHLD 1592328 384.281250 1731235069.4454
CHLD 1592329 384.230469 1731235069.4454
CHLD 1592330 387.441406 1731235069.4454
CHLD 1592331 385.316406 1731235069.4455
CHLD 1592332 380.238281 1731235069.4455
MEM 4.800781 1731235069.5613
CHLD 1592321 3.000000 1731235069.6320
CHLD 1592322 3.500000 1731235069.6321
CHLD 1592323 390.914062 1731235069.6321
CHLD 1592324 383.492188 1731235069.6321
CHLD 1592325 384.253906 1731235069.6321
CHLD 1592326 385.851562 1731235069.6321
CHLD 1592327 384.394531 1731235069.6321
CHLD 1592328 384.281250 1731235069.6322
CHLD 1592329 384.230469 1731235069.6322
CHLD 1592330 387.441406 1731235069.6322
CHLD 1592331 385.316406 1731235069.6322
CHLD 1592332 380.238281 1731235069.6322
MEM 4.800781 1731235069.7413
CHLD 1592321 3.000000 1731235069.7820
CHLD 1592322 3.500000 1731235069.7820
CHLD 1592323 390.914062 1731235069.7820
CHLD 1592324 383.492188 1731235069.7820
CHLD 1592325 384.253906 1731235069.7820
CHLD 1592326 385.851562 1731235069.7820
CHLD 1592327 384.394531 1731235069.7821
CHLD 1592328 384.281250 1731235069.7821
CHLD 1592329 384.230469 1731235069.7821
CHLD 1592330 387.441406 1731235069.7821
CHLD 1592331 385.316406 1731235069.7821
CHLD 1592332 380.238281 1731235069.7821
MEM 4.800781 1731235069.8901
CHLD 1592321 3.000000 1731235069.9249
CHLD 1592322 3.500000 1731235069.9249
CHLD 1592323 390.914062 1731235069.9249
CHLD 1592324 383.492188 1731235069.9249
CHLD 1592325 384.253906 1731235069.9249
CHLD 1592326 385.851562 1731235069.9249
CHLD 1592327 384.394531 1731235069.9250
CHLD 1592328 384.281250 1731235069.9250
CHLD 1592329 384.230469 1731235069.9250
CHLD 1592330 387.441406 1731235069.9250
CHLD 1592331 385.316406 1731235069.9250
CHLD 1592332 380.238281 1731235069.9250
MEM 4.800781 1731235070.0262
CHLD 1592321 3.000000 1731235070.0625
CHLD 1592322 3.500000 1731235070.0625
CHLD 1592323 390.914062 1731235070.0625
CHLD 1592324 383.492188 1731235070.0625
CHLD 1592325 384.253906 1731235070.0625
CHLD 1592326 385.851562 1731235070.0626
CHLD 1592327 384.394531 1731235070.0626
CHLD 1592328 384.281250 1731235070.0626
CHLD 1592329 384.230469 1731235070.0626
CHLD 1592330 387.441406 1731235070.0626
CHLD 1592331 385.316406 1731235070.0626
CHLD 1592332 380.238281 1731235070.0627
MEM 4.800781 1731235070.1697
CHLD 1592321 3.000000 1731235070.2007
CHLD 1592322 3.500000 1731235070.2008
CHLD 1592323 390.914062 1731235070.2008
CHLD 1592324 383.492188 1731235070.2008
CHLD 1592325 384.253906 1731235070.2008
CHLD 1592326 385.851562 1731235070.2008
CHLD 1592327 384.394531 1731235070.2008
CHLD 1592328 384.281250 1731235070.2009
CHLD 1592329 384.230469 1731235070.2009
CHLD 1592330 387.441406 1731235070.2009
CHLD 1592331 385.316406 1731235070.2009
CHLD 1592332 380.238281 1731235070.2009
MEM 4.800781 1731235070.3046
CHLD 1592321 3.000000 1731235070.3244
CHLD 1592322 3.500000 1731235070.3244
CHLD 1592323 390.914062 1731235070.3244
CHLD 1592324 383.492188 1731235070.3244
CHLD 1592325 384.253906 1731235070.3244
CHLD 1592326 385.851562 1731235070.3245
CHLD 1592327 384.394531 1731235070.3245
CHLD 1592328 384.281250 1731235070.3245
CHLD 1592329 384.230469 1731235070.3245
CHLD 1592330 387.441406 1731235070.3245
CHLD 1592331 385.316406 1731235070.3245
CHLD 1592332 380.238281 1731235070.3246
MEM 4.800781 1731235070.4264
CHLD 1592321 3.000000 1731235070.4567
CHLD 1592322 3.500000 1731235070.4567
CHLD 1592323 390.914062 1731235070.4567
CHLD 1592324 383.492188 1731235070.4567
CHLD 1592325 384.253906 1731235070.4568
CHLD 1592326 385.851562 1731235070.4568
CHLD 1592327 384.394531 1731235070.4568
CHLD 1592328 384.281250 1731235070.4568
CHLD 1592329 384.230469 1731235070.4568
CHLD 1592330 387.441406 1731235070.4568
CHLD 1592331 385.316406 1731235070.4569
CHLD 1592332 380.238281 1731235070.4569
MEM 4.800781 1731235070.5571
CHLD 1592321 3.000000 1731235070.5890
CHLD 1592322 3.500000 1731235070.5890
CHLD 1592323 390.914062 1731235070.5890
CHLD 1592324 383.492188 1731235070.5890
CHLD 1592325 384.253906 1731235070.5890
CHLD 1592326 385.851562 1731235070.5891
CHLD 1592327 384.394531 1731235070.5891
CHLD 1592328 384.281250 1731235070.5891
CHLD 1592329 384.230469 1731235070.5891
CHLD 1592330 387.441406 1731235070.5891
CHLD 1592331 385.316406 1731235070.5891
CHLD 1592332 380.238281 1731235070.5891
MEM 4.800781 1731235070.6941
CHLD 1592321 3.000000 1731235070.7326
CHLD 1592322 3.500000 1731235070.7326
CHLD 1592323 390.914062 1731235070.7326
CHLD 1592324 383.492188 1731235070.7326
CHLD 1592325 384.253906 1731235070.7326
CHLD 1592326 385.851562 1731235070.7326
CHLD 1592327 384.394531 1731235070.7327
CHLD 1592328 384.281250 1731235070.7327
CHLD 1592329 384.230469 1731235070.7327
CHLD 1592330 387.441406 1731235070.7327
CHLD 1592331 385.316406 1731235070.7327
CHLD 1592332 380.238281 1731235070.7327
MEM 4.800781 1731235070.8329
CHLD 1592321 3.000000 1731235070.8578
CHLD 1592322 3.500000 1731235070.8578
CHLD 1592323 390.914062 1731235070.8579
CHLD 1592324 383.492188 1731235070.8579
CHLD 1592325 384.253906 1731235070.8579
CHLD 1592326 385.851562 1731235070.8579
CHLD 1592327 384.394531 1731235070.8579
CHLD 1592328 384.281250 1731235070.8579
CHLD 1592329 384.230469 1731235070.8580
CHLD 1592330 387.441406 1731235070.8580
CHLD 1592331 385.316406 1731235070.8580
CHLD 1592332 380.238281 1731235070.8580
MEM 4.800781 1731235070.9656
CHLD 1592321 3.000000 1731235070.9863
CHLD 1592322 3.500000 1731235070.9864
CHLD 1592323 390.914062 1731235070.9864
CHLD 1592324 383.492188 1731235070.9864
CHLD 1592325 384.253906 1731235070.9864
CHLD 1592326 386.351562 1731235070.9864
CHLD 1592327 384.394531 1731235070.9865
CHLD 1592328 384.281250 1731235070.9865
CHLD 1592329 384.230469 1731235070.9865
CHLD 1592330 387.441406 1731235070.9865
CHLD 1592331 385.316406 1731235070.9865
CHLD 1592332 380.238281 1731235070.9865
MEM 4.800781 1731235071.0869
CHLD 1592321 3.000000 1731235071.1472
CHLD 1592322 3.500000 1731235071.1472
CHLD 1592323 390.914062 1731235071.1472
CHLD 1592324 383.492188 1731235071.1472
CHLD 1592325 384.253906 1731235071.1473
CHLD 1592326 386.351562 1731235071.1473
CHLD 1592327 384.394531 1731235071.1473
CHLD 1592328 384.281250 1731235071.1473
CHLD 1592329 384.230469 1731235071.1473
CHLD 1592330 387.441406 1731235071.1473
CHLD 1592331 385.316406 1731235071.1474
CHLD 1592332 380.238281 1731235071.1474
MEM 4.800781 1731235071.2582
CHLD 1592321 3.000000 1731235071.2982
CHLD 1592322 3.500000 1731235071.2982
CHLD 1592323 390.914062 1731235071.2982
CHLD 1592324 383.492188 1731235071.2982
CHLD 1592325 384.253906 1731235071.2982
CHLD 1592326 386.351562 1731235071.2983
CHLD 1592327 384.394531 1731235071.2983
CHLD 1592328 384.281250 1731235071.2983
CHLD 1592329 384.230469 1731235071.2983
CHLD 1592330 387.441406 1731235071.2983
CHLD 1592331 385.316406 1731235071.2983
CHLD 1592332 380.238281 1731235071.2984
MEM 4.800781 1731235071.4013
CHLD 1592321 3.000000 1731235071.4296
CHLD 1592322 3.500000 1731235071.4297
CHLD 1592323 390.914062 1731235071.4297
CHLD 1592324 383.492188 1731235071.4297
CHLD 1592325 384.253906 1731235071.4297
CHLD 1592326 386.351562 1731235071.4297
CHLD 1592327 384.394531 1731235071.4297
CHLD 1592328 384.281250 1731235071.4298
CHLD 1592329 384.230469 1731235071.4298
CHLD 1592330 387.441406 1731235071.4298
CHLD 1592331 385.316406 1731235071.4298
CHLD 1592332 380.238281 1731235071.4298
MEM 4.800781 1731235071.5313
CHLD 1592321 3.000000 1731235071.5603
CHLD 1592322 3.500000 1731235071.5603
CHLD 1592323 390.914062 1731235071.5603
CHLD 1592324 383.992188 1731235071.5603
CHLD 1592325 384.253906 1731235071.5603
CHLD 1592326 386.351562 1731235071.5605
CHLD 1592327 384.394531 1731235071.5605
CHLD 1592328 384.281250 1731235071.5605
CHLD 1592329 384.230469 1731235071.5605
CHLD 1592330 387.441406 1731235071.5605
CHLD 1592331 385.316406 1731235071.5605
CHLD 1592332 380.238281 1731235071.5606
MEM 4.800781 1731235071.6644
CHLD 1592321 3.000000 1731235071.7085
CHLD 1592322 3.500000 1731235071.7085
CHLD 1592323 390.914062 1731235071.7086
CHLD 1592324 383.992188 1731235071.7086
CHLD 1592325 384.253906 1731235071.7086
CHLD 1592326 386.351562 1731235071.7086
CHLD 1592327 384.394531 1731235071.7086
CHLD 1592328 384.281250 1731235071.7086
CHLD 1592329 384.230469 1731235071.7087
CHLD 1592330 387.441406 1731235071.7087
CHLD 1592331 385.316406 1731235071.7087
CHLD 1592332 380.238281 1731235071.7087
MEM 4.800781 1731235071.8146
CHLD 1592321 3.000000 1731235071.9087
CHLD 1592322 3.500000 1731235071.9087
CHLD 1592323 390.914062 1731235071.9088
CHLD 1592324 383.992188 1731235071.9088
CHLD 1592325 384.253906 1731235071.9088
CHLD 1592326 386.351562 1731235071.9088
CHLD 1592327 384.394531 1731235071.9088
CHLD 1592328 384.281250 1731235071.9088
CHLD 1592329 384.730469 1731235071.9088
CHLD 1592330 387.441406 1731235071.9089
CHLD 1592331 385.316406 1731235071.9089
CHLD 1592332 381.738281 1731235071.9089
MEM 4.800781 1731235072.0091
CHLD 1592321 3.000000 1731235072.0511
CHLD 1592322 3.500000 1731235072.0511
CHLD 1592323 390.914062 1731235072.0512
CHLD 1592324 383.992188 1731235072.0512
CHLD 1592325 384.253906 1731235072.0512
CHLD 1592326 387.351562 1731235072.0512
CHLD 1592327 384.394531 1731235072.0512
CHLD 1592328 384.281250 1731235072.0512
CHLD 1592329 384.730469 1731235072.0513
CHLD 1592330 387.441406 1731235072.0513
CHLD 1592331 385.316406 1731235072.0513
CHLD 1592332 381.738281 1731235072.0513
MEM 4.800781 1731235072.1545
CHLD 1592321 3.000000 1731235072.1736
CHLD 1592322 3.500000 1731235072.1736
CHLD 1592323 390.914062 1731235072.1736
CHLD 1592324 383.992188 1731235072.1736
CHLD 1592325 384.253906 1731235072.1737
CHLD 1592326 387.351562 1731235072.1737
CHLD 1592327 385.394531 1731235072.1737
CHLD 1592328 385.281250 1731235072.1737
CHLD 1592329 384.730469 1731235072.1737
CHLD 1592330 387.441406 1731235072.1737
CHLD 1592331 385.316406 1731235072.1738
CHLD 1592332 381.738281 1731235072.1738
MEM 4.800781 1731235072.2879
CHLD 1592321 3.000000 1731235072.3305
CHLD 1592322 3.500000 1731235072.3305
CHLD 1592323 390.914062 1731235072.3305
CHLD 1592324 383.992188 1731235072.3305
CHLD 1592325 384.253906 1731235072.3305
CHLD 1592326 387.351562 1731235072.3306
CHLD 1592327 385.394531 1731235072.3306
CHLD 1592328 385.281250 1731235072.3306
CHLD 1592329 384.730469 1731235072.3306
CHLD 1592330 387.441406 1731235072.3306
CHLD 1592331 385.316406 1731235072.3306
CHLD 1592332 382.238281 1731235072.3307
MEM 4.800781 1731235072.4480
CHLD 1592321 3.000000 1731235072.4942
CHLD 1592322 3.500000 1731235072.4942
CHLD 1592323 390.914062 1731235072.4942
CHLD 1592324 383.992188 1731235072.4942
CHLD 1592325 384.253906 1731235072.4942
CHLD 1592326 387.351562 1731235072.4942
CHLD 1592327 385.394531 1731235072.4943
CHLD 1592328 385.281250 1731235072.4943
CHLD 1592329 384.730469 1731235072.4943
CHLD 1592330 387.441406 1731235072.4943
CHLD 1592331 385.316406 1731235072.4943
CHLD 1592332 382.238281 1731235072.4943
MEM 4.800781 1731235072.6157
CHLD 1592321 3.000000 1731235072.6413
CHLD 1592322 3.500000 1731235072.6413
CHLD 1592323 390.914062 1731235072.6413
CHLD 1592324 383.992188 1731235072.6413
CHLD 1592325 384.253906 1731235072.6413
CHLD 1592326 387.351562 1731235072.6413
CHLD 1592327 385.394531 1731235072.6414
CHLD 1592328 385.281250 1731235072.6414
CHLD 1592329 384.730469 1731235072.6414
CHLD 1592330 387.441406 1731235072.6414
CHLD 1592331 386.316406 1731235072.6414
CHLD 1592332 382.238281 1731235072.6414
MEM 4.800781 1731235072.7470
CHLD 1592321 3.000000 1731235072.8021
CHLD 1592322 3.500000 1731235072.8022
CHLD 1592323 390.914062 1731235072.8022
CHLD 1592324 383.992188 1731235072.8022
CHLD 1592325 384.253906 1731235072.8022
CHLD 1592326 387.351562 1731235072.8022
CHLD 1592327 385.394531 1731235072.8022
CHLD 1592328 385.281250 1731235072.8022
CHLD 1592329 384.730469 1731235072.8023
CHLD 1592330 387.441406 1731235072.8023
CHLD 1592331 386.316406 1731235072.8023
CHLD 1592332 382.238281 1731235072.8023
MEM 4.800781 1731235072.9094
CHLD 1592321 3.000000 1731235072.9686
CHLD 1592322 3.500000 1731235072.9686
CHLD 1592323 391.414062 1731235072.9686
CHLD 1592324 383.992188 1731235072.9687
CHLD 1592325 384.253906 1731235072.9687
CHLD 1592326 387.851562 1731235072.9687
CHLD 1592327 385.394531 1731235072.9687
CHLD 1592328 385.281250 1731235072.9687
CHLD 1592329 384.730469 1731235072.9687
CHLD 1592330 387.441406 1731235072.9687
CHLD 1592331 386.316406 1731235072.9688
CHLD 1592332 384.238281 1731235072.9688
MEM 4.800781 1731235073.0689
CHLD 1592321 3.000000 1731235073.1317
CHLD 1592322 3.500000 1731235073.1317
CHLD 1592323 393.914062 1731235073.1317
CHLD 1592324 383.992188 1731235073.1318
CHLD 1592325 384.253906 1731235073.1318
CHLD 1592326 390.851562 1731235073.1318
CHLD 1592327 385.394531 1731235073.1318
CHLD 1592328 385.281250 1731235073.1318
CHLD 1592329 385.730469 1731235073.1318
CHLD 1592330 387.441406 1731235073.1318
CHLD 1592331 386.316406 1731235073.1319
CHLD 1592332 384.238281 1731235073.1319
MEM 4.800781 1731235073.2346
CHLD 1592321 3.000000 1731235073.3159
CHLD 1592322 3.500000 1731235073.3160
CHLD 1592323 393.914062 1731235073.3160
CHLD 1592324 384.992188 1731235073.3160
CHLD 1592325 384.253906 1731235073.3160
CHLD 1592326 390.851562 1731235073.3160
CHLD 1592327 385.394531 1731235073.3160
CHLD 1592328 386.281250 1731235073.3161
CHLD 1592329 388.730469 1731235073.3161
CHLD 1592330 387.441406 1731235073.3161
CHLD 1592331 386.316406 1731235073.3161
CHLD 1592332 384.238281 1731235073.3161
MEM 4.800781 1731235073.4204
CHLD 1592321 3.000000 1731235073.4525
CHLD 1592322 3.500000 1731235073.4525
CHLD 1592323 393.914062 1731235073.4525
CHLD 1592324 387.492188 1731235073.4525
CHLD 1592325 384.253906 1731235073.4526
CHLD 1592326 390.851562 1731235073.4526
CHLD 1592327 386.394531 1731235073.4526
CHLD 1592328 388.781250 1731235073.4526
CHLD 1592329 388.730469 1731235073.4526
CHLD 1592330 387.441406 1731235073.4526
CHLD 1592331 386.316406 1731235073.4527
CHLD 1592332 384.238281 1731235073.4527
MEM 4.800781 1731235073.5728
CHLD 1592321 3.000000 1731235073.6161
CHLD 1592322 3.500000 1731235073.6161
CHLD 1592323 393.914062 1731235073.6162
CHLD 1592324 387.492188 1731235073.6162
CHLD 1592325 384.253906 1731235073.6162
CHLD 1592326 390.851562 1731235073.6162
CHLD 1592327 389.394531 1731235073.6162
CHLD 1592328 388.781250 1731235073.6162
CHLD 1592329 388.730469 1731235073.6162
CHLD 1592330 388.441406 1731235073.6163
CHLD 1592331 387.316406 1731235073.6163
CHLD 1592332 384.238281 1731235073.6163
MEM 4.800781 1731235073.7179
CHLD 1592321 3.000000 1731235073.7707
CHLD 1592322 3.500000 1731235073.7708
CHLD 1592323 394.914062 1731235073.7708
CHLD 1592324 387.492188 1731235073.7708
CHLD 1592325 385.253906 1731235073.7708
CHLD 1592326 392.851562 1731235073.7708
CHLD 1592327 389.394531 1731235073.7708
CHLD 1592328 388.781250 1731235073.7709
CHLD 1592329 388.730469 1731235073.7709
CHLD 1592330 388.441406 1731235073.7709
CHLD 1592331 387.316406 1731235073.7709
CHLD 1592332 384.238281 1731235073.7709
MEM 4.800781 1731235073.8812
CHLD 1592321 3.000000 1731235073.9198
CHLD 1592322 3.500000 1731235073.9198
CHLD 1592323 398.414062 1731235073.9198
CHLD 1592324 387.492188 1731235073.9198
CHLD 1592325 387.753906 1731235073.9198
CHLD 1592326 398.351562 1731235073.9198
CHLD 1592327 389.394531 1731235073.9199
CHLD 1592328 389.281250 1731235073.9199
CHLD 1592329 389.730469 1731235073.9199
CHLD 1592330 390.941406 1731235073.9199
CHLD 1592331 390.316406 1731235073.9199
CHLD 1592332 387.238281 1731235073.9199
MEM 4.800781 1731235074.0313
CHLD 1592321 3.000000 1731235074.0618
CHLD 1592322 3.500000 1731235074.0618
CHLD 1592323 400.914062 1731235074.0619
CHLD 1592324 389.492188 1731235074.0619
CHLD 1592325 387.753906 1731235074.0619
CHLD 1592326 399.351562 1731235074.0619
CHLD 1592327 389.394531 1731235074.0619
CHLD 1592328 389.281250 1731235074.0620
CHLD 1592329 393.730469 1731235074.0620
CHLD 1592330 390.941406 1731235074.0620
CHLD 1592331 390.316406 1731235074.0620
CHLD 1592332 390.738281 1731235074.0620
MEM 4.800781 1731235074.1673
CHLD 1592321 3.000000 1731235074.2209
CHLD 1592322 3.500000 1731235074.2209
CHLD 1592323 401.414062 1731235074.2209
CHLD 1592324 396.492188 1731235074.2209
CHLD 1592325 387.753906 1731235074.2209
CHLD 1592326 399.351562 1731235074.2209
CHLD 1592327 389.894531 1731235074.2210
CHLD 1592328 391.281250 1731235074.2210
CHLD 1592329 396.230469 1731235074.2210
CHLD 1592330 390.941406 1731235074.2210
CHLD 1592331 390.316406 1731235074.2210
CHLD 1592332 393.738281 1731235074.2210
MEM 4.800781 1731235074.3246
CHLD 1592321 3.000000 1731235074.4213
CHLD 1592322 3.500000 1731235074.4213
CHLD 1592323 401.414062 1731235074.4213
CHLD 1592324 396.492188 1731235074.4213
CHLD 1592325 388.753906 1731235074.4213
CHLD 1592326 399.351562 1731235074.4214
CHLD 1592327 396.394531 1731235074.4214
CHLD 1592328 397.281250 1731235074.4214
CHLD 1592329 397.230469 1731235074.4214
CHLD 1592330 391.941406 1731235074.4214
CHLD 1592331 392.316406 1731235074.4214
CHLD 1592332 394.738281 1731235074.4214
MEM 4.800781 1731235074.5217
CHLD 1592321 3.000000 1731235074.5558
CHLD 1592322 3.500000 1731235074.5558
CHLD 1592323 402.914062 1731235074.5558
CHLD 1592324 396.492188 1731235074.5558
CHLD 1592325 392.253906 1731235074.5559
CHLD 1592326 401.351562 1731235074.5559
CHLD 1592327 397.394531 1731235074.5559
CHLD 1592328 397.781250 1731235074.5559
CHLD 1592329 397.230469 1731235074.5559
CHLD 1592330 391.941406 1731235074.5559
CHLD 1592331 398.316406 1731235074.5560
CHLD 1592332 394.738281 1731235074.5560
MEM 4.800781 1731235074.6638
CHLD 1592321 3.000000 1731235074.6898
CHLD 1592322 3.500000 1731235074.6898
CHLD 1592323 402.914062 1731235074.6898
CHLD 1592324 396.492188 1731235074.6898
CHLD 1592325 395.753906 1731235074.6899
CHLD 1592326 401.351562 1731235074.6899
CHLD 1592327 397.394531 1731235074.6899
CHLD 1592328 397.781250 1731235074.6899
CHLD 1592329 399.230469 1731235074.6899
CHLD 1592330 398.441406 1731235074.6899
CHLD 1592331 399.316406 1731235074.6899
CHLD 1592332 395.738281 1731235074.6900
MEM 4.800781 1731235074.8113
CHLD 1592321 3.000000 1731235074.8657
CHLD 1592322 3.500000 1731235074.8657
CHLD 1592323 402.914062 1731235074.8658
CHLD 1592324 397.992188 1731235074.8658
CHLD 1592325 395.753906 1731235074.8658
CHLD 1592326 401.351562 1731235074.8658
CHLD 1592327 397.394531 1731235074.8658
CHLD 1592328 397.781250 1731235074.8658
CHLD 1592329 399.230469 1731235074.8659
CHLD 1592330 399.441406 1731235074.8659
CHLD 1592331 399.316406 1731235074.8659
CHLD 1592332 401.738281 1731235074.8659
MEM 4.800781 1731235074.9671
CHLD 1592321 3.000000 1731235074.9925
CHLD 1592322 3.500000 1731235074.9925
CHLD 1592323 402.914062 1731235074.9925
CHLD 1592324 397.992188 1731235074.9925
CHLD 1592325 395.753906 1731235074.9926
CHLD 1592326 401.351562 1731235074.9926
CHLD 1592327 398.894531 1731235074.9926
CHLD 1592328 399.781250 1731235074.9926
CHLD 1592329 399.230469 1731235074.9926
CHLD 1592330 399.441406 1731235074.9926
CHLD 1592331 399.316406 1731235074.9926
CHLD 1592332 401.738281 1731235074.9927
MEM 4.800781 1731235075.0930
CHLD 1592321 3.000000 1731235075.1458
CHLD 1592322 3.500000 1731235075.1459
CHLD 1592323 402.914062 1731235075.1459
CHLD 1592324 397.992188 1731235075.1459
CHLD 1592325 395.753906 1731235075.1459
CHLD 1592326 401.351562 1731235075.1459
CHLD 1592327 398.894531 1731235075.1459
CHLD 1592328 399.781250 1731235075.1460
CHLD 1592329 399.230469 1731235075.1460
CHLD 1592330 399.441406 1731235075.1460
CHLD 1592331 401.316406 1731235075.1460
CHLD 1592332 402.738281 1731235075.1460
MEM 4.800781 1731235075.2476
CHLD 1592321 3.000000 1731235075.2654
CHLD 1592322 3.500000 1731235075.2654
CHLD 1592323 402.914062 1731235075.2654
CHLD 1592324 397.992188 1731235075.2654
CHLD 1592325 397.753906 1731235075.2655
CHLD 1592326 401.351562 1731235075.2655
CHLD 1592327 398.894531 1731235075.2655
CHLD 1592328 399.781250 1731235075.2655
CHLD 1592329 399.230469 1731235075.2655
CHLD 1592330 400.941406 1731235075.2655
CHLD 1592331 401.316406 1731235075.2655
CHLD 1592332 402.738281 1731235075.2656
MEM 4.800781 1731235075.3657
CHLD 1592321 3.000000 1731235075.3973
CHLD 1592322 3.500000 1731235075.3973
CHLD 1592323 402.914062 1731235075.3973
CHLD 1592324 397.992188 1731235075.3973
CHLD 1592325 397.753906 1731235075.3973
CHLD 1592326 401.351562 1731235075.3973
CHLD 1592327 398.894531 1731235075.3974
CHLD 1592328 399.781250 1731235075.3974
CHLD 1592329 399.230469 1731235075.3974
CHLD 1592330 400.941406 1731235075.3974
CHLD 1592331 401.316406 1731235075.3974
CHLD 1592332 402.738281 1731235075.3974
MEM 4.800781 1731235075.5079
CHLD 1592321 3.000000 1731235075.5788
CHLD 1592322 3.500000 1731235075.5788
CHLD 1592323 402.914062 1731235075.5788
CHLD 1592324 397.992188 1731235075.5789
CHLD 1592325 397.753906 1731235075.5789
CHLD 1592326 401.351562 1731235075.5789
CHLD 1592327 398.894531 1731235075.5789
CHLD 1592328 399.781250 1731235075.5789
CHLD 1592329 399.230469 1731235075.5789
CHLD 1592330 400.941406 1731235075.5789
CHLD 1592331 401.316406 1731235075.5790
CHLD 1592332 405.238281 1731235075.5790
MEM 4.800781 1731235075.6850
CHLD 1592321 3.000000 1731235075.7288
CHLD 1592322 3.500000 1731235075.7289
CHLD 1592323 402.914062 1731235075.7289
CHLD 1592324 397.992188 1731235075.7289
CHLD 1592325 397.753906 1731235075.7289
CHLD 1592326 401.351562 1731235075.7289
CHLD 1592327 398.894531 1731235075.7289
CHLD 1592328 399.781250 1731235075.7290
CHLD 1592329 399.230469 1731235075.7290
CHLD 1592330 400.941406 1731235075.7290
CHLD 1592331 401.316406 1731235075.7290
CHLD 1592332 405.238281 1731235075.7290
MEM 4.800781 1731235075.8480
CHLD 1592321 3.000000 1731235075.8988
CHLD 1592322 3.500000 1731235075.8988
CHLD 1592323 408.414062 1731235075.8989
CHLD 1592324 397.992188 1731235075.8989
CHLD 1592325 397.753906 1731235075.8989
CHLD 1592326 406.851562 1731235075.8989
CHLD 1592327 398.894531 1731235075.8990
CHLD 1592328 400.281250 1731235075.8990
CHLD 1592329 405.230469 1731235075.8990
CHLD 1592330 400.941406 1731235075.8990
CHLD 1592331 401.316406 1731235075.8991
CHLD 1592332 405.238281 1731235075.8991
MEM 4.800781 1731235076.0080
CHLD 1592321 3.000000 1731235076.0641
CHLD 1592322 3.500000 1731235076.0641
CHLD 1592323 408.414062 1731235076.0642
CHLD 1592324 403.992188 1731235076.0642
CHLD 1592325 397.753906 1731235076.0642
CHLD 1592326 406.851562 1731235076.0642
CHLD 1592327 398.894531 1731235076.0642
CHLD 1592328 400.281250 1731235076.0642
CHLD 1592329 405.230469 1731235076.0642
CHLD 1592330 400.941406 1731235076.0643
CHLD 1592331 401.316406 1731235076.0643
CHLD 1592332 405.238281 1731235076.0643
MEM 4.800781 1731235076.1645
CHLD 1592321 3.000000 1731235076.1847
CHLD 1592322 3.500000 1731235076.1847
CHLD 1592323 408.414062 1731235076.1847
CHLD 1592324 403.992188 1731235076.1848
CHLD 1592325 397.753906 1731235076.1848
CHLD 1592326 406.851562 1731235076.1848
CHLD 1592327 398.894531 1731235076.1848
CHLD 1592328 402.781250 1731235076.1848
CHLD 1592329 405.230469 1731235076.1848
CHLD 1592330 400.941406 1731235076.1848
CHLD 1592331 401.316406 1731235076.1849
CHLD 1592332 405.238281 1731235076.1849
MEM 4.800781 1731235076.2874
CHLD 1592321 3.000000 1731235076.3451
CHLD 1592322 3.500000 1731235076.3451
CHLD 1592323 409.414062 1731235076.3452
CHLD 1592324 403.992188 1731235076.3452
CHLD 1592325 397.753906 1731235076.3452
CHLD 1592326 406.851562 1731235076.3452
CHLD 1592327 400.894531 1731235076.3452
CHLD 1592328 406.281250 1731235076.3452
CHLD 1592329 405.230469 1731235076.3452
CHLD 1592330 400.941406 1731235076.3453
CHLD 1592331 403.816406 1731235076.3453
CHLD 1592332 405.238281 1731235076.3453
MEM 4.800781 1731235076.4486
CHLD 1592321 3.000000 1731235076.5132
CHLD 1592322 3.500000 1731235076.5132
CHLD 1592323 409.414062 1731235076.5133
CHLD 1592324 404.992188 1731235076.5133
CHLD 1592325 398.253906 1731235076.5133
CHLD 1592326 407.851562 1731235076.5133
CHLD 1592327 404.394531 1731235076.5133
CHLD 1592328 406.281250 1731235076.5133
CHLD 1592329 406.230469 1731235076.5134
CHLD 1592330 400.941406 1731235076.5134
CHLD 1592331 406.816406 1731235076.5134
CHLD 1592332 405.238281 1731235076.5134
MEM 4.800781 1731235076.6136
CHLD 1592321 3.000000 1731235076.6341
CHLD 1592322 3.500000 1731235076.6342
CHLD 1592323 409.414062 1731235076.6342
CHLD 1592324 404.992188 1731235076.6342
CHLD 1592325 403.253906 1731235076.6342
CHLD 1592326 407.851562 1731235076.6342
CHLD 1592327 404.394531 1731235076.6342
CHLD 1592328 406.281250 1731235076.6343
CHLD 1592329 406.230469 1731235076.6343
CHLD 1592330 406.941406 1731235076.6343
CHLD 1592331 406.816406 1731235076.6343
CHLD 1592332 405.238281 1731235076.6343
MEM 4.800781 1731235076.7346
CHLD 1592321 3.000000 1731235076.7543
CHLD 1592322 3.500000 1731235076.7544
CHLD 1592323 412.414062 1731235076.7544
CHLD 1592324 404.992188 1731235076.7544
CHLD 1592325 403.253906 1731235076.7544
CHLD 1592326 407.851562 1731235076.7544
CHLD 1592327 404.394531 1731235076.7811
CHLD 1592328 407.281250 1731235076.7811
CHLD 1592329 406.230469 1731235076.7812
CHLD 1592330 406.941406 1731235076.7812
CHLD 1592331 406.816406 1731235076.7812
CHLD 1592332 408.238281 1731235076.7812
MEM 4.800781 1731235076.8846
CHLD 1592321 3.000000 1731235076.9155
CHLD 1592322 3.500000 1731235076.9155
CHLD 1592323 412.414062 1731235076.9156
CHLD 1592324 404.992188 1731235076.9156
CHLD 1592325 403.253906 1731235076.9156
CHLD 1592326 410.851562 1731235076.9156
CHLD 1592327 404.894531 1731235076.9157
CHLD 1592328 407.281250 1731235076.9157
CHLD 1592329 408.730469 1731235076.9157
CHLD 1592330 406.941406 1731235076.9157
CHLD 1592331 407.816406 1731235076.9157
CHLD 1592332 410.738281 1731235076.9157
MEM 4.800781 1731235077.0212
CHLD 1592321 3.000000 1731235077.0676
CHLD 1592322 3.500000 1731235077.0676
CHLD 1592323 412.414062 1731235077.0676
CHLD 1592324 407.492188 1731235077.0676
CHLD 1592325 403.253906 1731235077.0676
CHLD 1592326 410.851562 1731235077.0677
CHLD 1592327 404.894531 1731235077.0677
CHLD 1592328 407.281250 1731235077.0677
CHLD 1592329 408.730469 1731235077.0677
CHLD 1592330 407.941406 1731235077.0677
CHLD 1592331 407.816406 1731235077.0677
CHLD 1592332 410.738281 1731235077.0677
MEM 4.800781 1731235077.1780
CHLD 1592321 3.000000 1731235077.2291
CHLD 1592322 3.500000 1731235077.2292
CHLD 1592323 412.414062 1731235077.2292
CHLD 1592324 407.492188 1731235077.2292
CHLD 1592325 404.253906 1731235077.2292
CHLD 1592326 410.851562 1731235077.2292
CHLD 1592327 404.894531 1731235077.2292
CHLD 1592328 409.781250 1731235077.2293
CHLD 1592329 408.730469 1731235077.2293
CHLD 1592330 407.941406 1731235077.2293
CHLD 1592331 407.816406 1731235077.2293
CHLD 1592332 412.238281 1731235077.2293
MEM 4.800781 1731235077.3413
CHLD 1592321 3.000000 1731235077.3893
CHLD 1592322 3.500000 1731235077.3894
CHLD 1592323 412.414062 1731235077.3894
CHLD 1592324 407.492188 1731235077.3894
CHLD 1592325 404.253906 1731235077.3894
CHLD 1592326 410.851562 1731235077.3894
CHLD 1592327 404.894531 1731235077.3894
CHLD 1592328 409.781250 1731235077.3895
CHLD 1592329 408.730469 1731235077.3895
CHLD 1592330 407.941406 1731235077.3895
CHLD 1592331 410.816406 1731235077.3895
CHLD 1592332 412.238281 1731235077.3895
MEM 4.800781 1731235077.4909
CHLD 1592321 3.000000 1731235077.5322
CHLD 1592322 3.500000 1731235077.5322
CHLD 1592323 412.414062 1731235077.5323
CHLD 1592324 407.492188 1731235077.5323
CHLD 1592325 404.253906 1731235077.5323
CHLD 1592326 410.851562 1731235077.5323
CHLD 1592327 407.394531 1731235077.5323
CHLD 1592328 409.781250 1731235077.5323
CHLD 1592329 408.730469 1731235077.5324
CHLD 1592330 410.441406 1731235077.5324
CHLD 1592331 410.816406 1731235077.5324
CHLD 1592332 412.238281 1731235077.5324
MEM 4.800781 1731235077.6337
CHLD 1592321 3.000000 1731235077.7133
CHLD 1592322 3.500000 1731235077.7133
CHLD 1592323 412.414062 1731235077.7133
CHLD 1592324 407.492188 1731235077.7134
CHLD 1592325 406.753906 1731235077.7134
CHLD 1592326 410.851562 1731235077.7134
CHLD 1592327 407.394531 1731235077.7134
CHLD 1592328 409.781250 1731235077.7134
CHLD 1592329 408.730469 1731235077.7134
CHLD 1592330 410.441406 1731235077.7135
CHLD 1592331 410.816406 1731235077.7135
CHLD 1592332 414.738281 1731235077.7135
MEM 4.800781 1731235077.8146
CHLD 1592321 3.000000 1731235077.8803
CHLD 1592322 3.500000 1731235077.8804
CHLD 1592323 412.414062 1731235077.8804
CHLD 1592324 407.492188 1731235077.8804
CHLD 1592325 406.753906 1731235077.8804
CHLD 1592326 410.851562 1731235077.8804
CHLD 1592327 407.394531 1731235077.8805
CHLD 1592328 409.781250 1731235077.8805
CHLD 1592329 408.730469 1731235077.8805
CHLD 1592330 410.441406 1731235077.8805
CHLD 1592331 410.816406 1731235077.8805
CHLD 1592332 414.738281 1731235077.8805
MEM 4.800781 1731235077.9946
CHLD 1592321 3.000000 1731235078.0337
CHLD 1592322 3.500000 1731235078.0338
CHLD 1592323 417.914062 1731235078.0338
CHLD 1592324 407.492188 1731235078.0338
CHLD 1592325 406.753906 1731235078.0338
CHLD 1592326 410.851562 1731235078.0338
CHLD 1592327 407.394531 1731235078.0338
CHLD 1592328 409.781250 1731235078.0338
CHLD 1592329 414.730469 1731235078.0339
CHLD 1592330 410.441406 1731235078.0339
CHLD 1592331 410.816406 1731235078.0339
CHLD 1592332 414.738281 1731235078.0339
MEM 4.800781 1731235078.1479
CHLD 1592321 3.000000 1731235078.2385
CHLD 1592322 3.500000 1731235078.2386
CHLD 1592323 417.914062 1731235078.2386
CHLD 1592324 407.492188 1731235078.2386
CHLD 1592325 406.753906 1731235078.2386
CHLD 1592326 410.851562 1731235078.2386
CHLD 1592327 407.394531 1731235078.2387
CHLD 1592328 409.781250 1731235078.2387
CHLD 1592329 414.730469 1731235078.2387
CHLD 1592330 410.441406 1731235078.2387
CHLD 1592331 410.816406 1731235078.2387
CHLD 1592332 414.738281 1731235078.2387
MEM 4.800781 1731235078.3446
CHLD 1592321 3.000000 1731235078.4243
CHLD 1592322 3.500000 1731235078.4243
CHLD 1592323 417.914062 1731235078.4243
CHLD 1592324 412.992188 1731235078.4244
CHLD 1592325 406.753906 1731235078.4244
CHLD 1592326 416.351562 1731235078.4244
CHLD 1592327 407.394531 1731235078.4244
CHLD 1592328 409.781250 1731235078.4244
CHLD 1592329 414.730469 1731235078.4244
CHLD 1592330 410.441406 1731235078.4245
CHLD 1592331 410.816406 1731235078.4245
CHLD 1592332 414.738281 1731235078.4245
MEM 4.800781 1731235078.5256
CHLD 1592321 3.000000 1731235078.5484
CHLD 1592322 3.500000 1731235078.5485
CHLD 1592323 417.914062 1731235078.5485
CHLD 1592324 412.992188 1731235078.5485
CHLD 1592325 406.753906 1731235078.5485
CHLD 1592326 416.351562 1731235078.5485
CHLD 1592327 407.394531 1731235078.5485
CHLD 1592328 414.781250 1731235078.5486
CHLD 1592329 414.730469 1731235078.5486
CHLD 1592330 410.441406 1731235078.5486
CHLD 1592331 410.816406 1731235078.5486
CHLD 1592332 414.738281 1731235078.5486
MEM 4.800781 1731235078.6488
CHLD 1592321 3.000000 1731235078.6824
CHLD 1592322 3.500000 1731235078.6824
CHLD 1592323 417.914062 1731235078.6824
CHLD 1592324 412.992188 1731235078.6824
CHLD 1592325 406.753906 1731235078.6824
CHLD 1592326 416.351562 1731235078.6825
CHLD 1592327 409.894531 1731235078.6825
CHLD 1592328 414.781250 1731235078.6825
CHLD 1592329 414.730469 1731235078.6825
CHLD 1592330 413.441406 1731235078.6825
CHLD 1592331 410.816406 1731235078.6825
CHLD 1592332 414.738281 1731235078.6826
MEM 4.800781 1731235078.7921
CHLD 1592321 3.000000 1731235078.8874
CHLD 1592322 3.500000 1731235078.8874
CHLD 1592323 417.914062 1731235078.8875
CHLD 1592324 412.992188 1731235078.8875
CHLD 1592325 409.753906 1731235078.8875
CHLD 1592326 416.351562 1731235078.8875
CHLD 1592327 412.894531 1731235078.8875
CHLD 1592328 414.781250 1731235078.8875
CHLD 1592329 414.730469 1731235078.8876
CHLD 1592330 415.941406 1731235078.8876
CHLD 1592331 416.316406 1731235078.8876
CHLD 1592332 414.738281 1731235078.8876
MEM 4.800781 1731235079.0213
CHLD 1592321 3.000000 1731235079.1699
CHLD 1592322 3.500000 1731235079.1699
CHLD 1592323 417.914062 1731235079.1699
CHLD 1592324 412.992188 1731235079.1700
CHLD 1592325 412.753906 1731235079.1700
CHLD 1592326 416.351562 1731235079.1700
CHLD 1592327 412.894531 1731235079.1700
CHLD 1592328 414.781250 1731235079.1700
CHLD 1592329 414.730469 1731235079.1700
CHLD 1592330 415.941406 1731235079.1701
CHLD 1592331 416.316406 1731235079.1701
CHLD 1592332 414.738281 1731235079.1701
MEM 4.800781 1731235079.2875
CHLD 1592321 3.000000 1731235079.3412
CHLD 1592322 3.500000 1731235079.3412
CHLD 1592323 417.914062 1731235079.3413
CHLD 1592324 412.992188 1731235079.3413
CHLD 1592325 412.753906 1731235079.3413
CHLD 1592326 416.351562 1731235079.3413
CHLD 1592327 412.894531 1731235079.3413
CHLD 1592328 414.781250 1731235079.3413
CHLD 1592329 414.730469 1731235079.3413
CHLD 1592330 415.941406 1731235079.3414
CHLD 1592331 416.316406 1731235079.3414
CHLD 1592332 414.738281 1731235079.3414
MEM 4.800781 1731235079.4417
CHLD 1592321 3.000000 1731235079.4631
CHLD 1592322 3.500000 1731235079.4631
CHLD 1592323 417.914062 1731235079.4631
CHLD 1592324 412.992188 1731235079.4631
CHLD 1592325 412.753906 1731235079.4632
CHLD 1592326 416.351562 1731235079.4632
CHLD 1592327 412.894531 1731235079.4632
CHLD 1592328 414.781250 1731235079.4632
CHLD 1592329 414.730469 1731235079.4632
CHLD 1592330 415.941406 1731235079.4632
CHLD 1592331 416.316406 1731235079.4633
CHLD 1592332 414.738281 1731235079.4633
MEM 4.800781 1731235079.5679
CHLD 1592321 3.000000 1731235079.6263
CHLD 1592322 3.500000 1731235079.6263
CHLD 1592323 417.914062 1731235079.6263
CHLD 1592324 412.992188 1731235079.6263
CHLD 1592325 412.753906 1731235079.6264
CHLD 1592326 416.351562 1731235079.6264
CHLD 1592327 412.894531 1731235079.6265
CHLD 1592328 414.781250 1731235079.6265
CHLD 1592329 414.730469 1731235079.6265
CHLD 1592330 415.941406 1731235079.6265
CHLD 1592331 416.316406 1731235079.6265
CHLD 1592332 414.738281 1731235079.6265
MEM 4.800781 1731235079.7413
CHLD 1592321 3.000000 1731235079.7990
CHLD 1592322 3.500000 1731235079.7990
CHLD 1592323 417.914062 1731235079.7991
CHLD 1592324 412.992188 1731235079.7991
CHLD 1592325 412.753906 1731235079.7991
CHLD 1592326 416.351562 1731235079.7991
CHLD 1592327 412.894531 1731235079.7991
CHLD 1592328 414.781250 1731235079.7991
CHLD 1592329 414.730469 1731235079.7991
CHLD 1592330 415.941406 1731235079.7992
CHLD 1592331 416.316406 1731235079.7992
CHLD 1592332 416.738281 1731235079.7992
MEM 4.800781 1731235079.9113
CHLD 1592321 3.000000 1731235079.9929
CHLD 1592322 3.500000 1731235079.9929
CHLD 1592323 418.414062 1731235079.9929
CHLD 1592324 412.992188 1731235079.9930
CHLD 1592325 412.753906 1731235079.9930
CHLD 1592326 416.351562 1731235079.9930
CHLD 1592327 412.894531 1731235079.9930
CHLD 1592328 414.781250 1731235079.9930
CHLD 1592329 414.730469 1731235079.9930
CHLD 1592330 415.941406 1731235079.9931
CHLD 1592331 416.316406 1731235079.9931
CHLD 1592332 416.738281 1731235079.9931
MEM 4.800781 1731235080.0982
CHLD 1592321 3.000000 1731235080.1397
CHLD 1592322 3.500000 1731235080.1397
CHLD 1592323 418.414062 1731235080.1397
CHLD 1592324 412.992188 1731235080.1397
CHLD 1592325 412.753906 1731235080.1397
CHLD 1592326 416.351562 1731235080.1398
CHLD 1592327 413.394531 1731235080.1398
CHLD 1592328 414.781250 1731235080.1398
CHLD 1592329 414.730469 1731235080.1398
CHLD 1592330 415.941406 1731235080.1398
CHLD 1592331 416.316406 1731235080.1398
CHLD 1592332 416.738281 1731235080.1399
MEM 4.800781 1731235080.2450
CHLD 1592321 3.000000 1731235080.2973
CHLD 1592322 3.500000 1731235080.2973
CHLD 1592323 418.414062 1731235080.2974
CHLD 1592324 412.992188 1731235080.2974
CHLD 1592325 412.753906 1731235080.2974
CHLD 1592326 416.351562 1731235080.2974
CHLD 1592327 413.394531 1731235080.2974
CHLD 1592328 414.781250 1731235080.2974
CHLD 1592329 414.730469 1731235080.2975
CHLD 1592330 415.941406 1731235080.2975
CHLD 1592331 416.316406 1731235080.2975
CHLD 1592332 416.738281 1731235080.2975
MEM 4.800781 1731235080.4092
CHLD 1592321 3.000000 1731235080.4874
CHLD 1592322 3.500000 1731235080.4875
CHLD 1592323 418.414062 1731235080.4875
CHLD 1592324 412.992188 1731235080.4875
CHLD 1592325 412.753906 1731235080.4875
CHLD 1592326 416.351562 1731235080.4875
CHLD 1592327 413.394531 1731235080.4875
CHLD 1592328 415.281250 1731235080.4876
CHLD 1592329 414.730469 1731235080.4876
CHLD 1592330 415.941406 1731235080.4876
CHLD 1592331 416.316406 1731235080.4876
CHLD 1592332 416.738281 1731235080.4876
MEM 4.800781 1731235080.6079
CHLD 1592321 3.000000 1731235080.6414
CHLD 1592322 3.500000 1731235080.6414
CHLD 1592323 418.414062 1731235080.6414
CHLD 1592324 412.992188 1731235080.6414
CHLD 1592325 412.753906 1731235080.6414
CHLD 1592326 416.351562 1731235080.6414
CHLD 1592327 413.394531 1731235080.6415
CHLD 1592328 415.281250 1731235080.6415
CHLD 1592329 414.730469 1731235080.6415
CHLD 1592330 415.941406 1731235080.6415
CHLD 1592331 416.316406 1731235080.6415
CHLD 1592332 416.738281 1731235080.6415
MEM 4.800781 1731235080.7445
CHLD 1592321 3.000000 1731235080.8176
CHLD 1592322 3.500000 1731235080.8176
CHLD 1592323 418.414062 1731235080.8176
CHLD 1592324 412.992188 1731235080.8177
CHLD 1592325 412.753906 1731235080.8177
CHLD 1592326 416.351562 1731235080.8177
CHLD 1592327 413.394531 1731235080.8177
CHLD 1592328 415.281250 1731235080.8177
CHLD 1592329 414.730469 1731235080.8177
CHLD 1592330 415.941406 1731235080.8178
CHLD 1592331 416.316406 1731235080.8178
CHLD 1592332 418.738281 1731235080.8178
MEM 4.800781 1731235080.9198
CHLD 1592321 3.000000 1731235080.9652
CHLD 1592322 3.500000 1731235080.9652
CHLD 1592323 418.414062 1731235080.9652
CHLD 1592324 412.992188 1731235080.9652
CHLD 1592325 412.753906 1731235080.9652
CHLD 1592326 416.351562 1731235080.9652
CHLD 1592327 413.394531 1731235080.9653
CHLD 1592328 415.281250 1731235080.9653
CHLD 1592329 414.730469 1731235080.9653
CHLD 1592330 415.941406 1731235080.9653
CHLD 1592331 416.316406 1731235080.9653
CHLD 1592332 418.738281 1731235080.9653
MEM 4.800781 1731235081.0679
CHLD 1592321 3.000000 1731235081.1439
CHLD 1592322 3.500000 1731235081.1439
CHLD 1592323 420.414062 1731235081.1439
CHLD 1592324 412.992188 1731235081.1440
CHLD 1592325 412.753906 1731235081.1440
CHLD 1592326 416.351562 1731235081.1440
CHLD 1592327 414.394531 1731235081.1440
CHLD 1592328 415.281250 1731235081.1441
CHLD 1592329 416.730469 1731235081.1441
CHLD 1592330 415.941406 1731235081.1441
CHLD 1592331 416.316406 1731235081.1441
CHLD 1592332 418.738281 1731235081.1442
MEM 4.800781 1731235081.2446
CHLD 1592321 3.000000 1731235081.2665
CHLD 1592322 3.500000 1731235081.2666
CHLD 1592323 420.414062 1731235081.2666
CHLD 1592324 412.992188 1731235081.2666
CHLD 1592325 412.753906 1731235081.2666
CHLD 1592326 416.351562 1731235081.2666
CHLD 1592327 414.394531 1731235081.2666
CHLD 1592328 415.281250 1731235081.2667
CHLD 1592329 416.730469 1731235081.2667
CHLD 1592330 415.941406 1731235081.2667
CHLD 1592331 416.316406 1731235081.2667
CHLD 1592332 418.738281 1731235081.2667
MEM 4.800781 1731235081.3780
CHLD 1592321 3.000000 1731235081.4622
CHLD 1592322 3.500000 1731235081.4622
CHLD 1592323 420.414062 1731235081.4622
CHLD 1592324 412.992188 1731235081.4622
CHLD 1592325 412.753906 1731235081.4622
CHLD 1592326 416.351562 1731235081.4623
CHLD 1592327 414.394531 1731235081.4623
CHLD 1592328 415.281250 1731235081.4623
CHLD 1592329 416.730469 1731235081.4623
CHLD 1592330 415.941406 1731235081.4623
CHLD 1592331 416.316406 1731235081.4623
CHLD 1592332 418.738281 1731235081.4624
MEM 4.800781 1731235081.5637
CHLD 1592321 3.000000 1731235081.6056
CHLD 1592322 3.500000 1731235081.6056
CHLD 1592323 420.414062 1731235081.6056
CHLD 1592324 414.492188 1731235081.6057
CHLD 1592325 412.753906 1731235081.6057
CHLD 1592326 417.851562 1731235081.6057
CHLD 1592327 414.394531 1731235081.6057
CHLD 1592328 415.281250 1731235081.6057
CHLD 1592329 416.730469 1731235081.6057
CHLD 1592330 415.941406 1731235081.6058
CHLD 1592331 416.316406 1731235081.6058
CHLD 1592332 418.738281 1731235081.6058
MEM 4.800781 1731235081.7060
CHLD 1592321 3.000000 1731235081.7453
CHLD 1592322 3.500000 1731235081.7454
CHLD 1592323 420.414062 1731235081.7454
CHLD 1592324 414.492188 1731235081.7454
CHLD 1592325 412.753906 1731235081.7454
CHLD 1592326 417.851562 1731235081.7454
CHLD 1592327 414.394531 1731235081.7454
CHLD 1592328 417.281250 1731235081.7454
CHLD 1592329 416.730469 1731235081.7455
CHLD 1592330 415.941406 1731235081.7455
CHLD 1592331 416.316406 1731235081.7455
CHLD 1592332 418.738281 1731235081.7455
MEM 4.800781 1731235081.8479
CHLD 1592321 3.000000 1731235081.9066
CHLD 1592322 3.500000 1731235081.9066
CHLD 1592323 420.414062 1731235081.9066
CHLD 1592324 414.992188 1731235081.9066
CHLD 1592325 412.753906 1731235081.9067
CHLD 1592326 417.851562 1731235081.9067
CHLD 1592327 414.394531 1731235081.9067
CHLD 1592328 417.281250 1731235081.9067
CHLD 1592329 416.730469 1731235081.9067
CHLD 1592330 416.441406 1731235081.9067
CHLD 1592331 416.316406 1731235081.9067
CHLD 1592332 419.738281 1731235081.9068
MEM 4.800781 1731235082.0069
CHLD 1592321 3.000000 1731235082.0430
CHLD 1592322 3.500000 1731235082.0430
CHLD 1592323 420.414062 1731235082.0430
CHLD 1592324 414.992188 1731235082.0430
CHLD 1592325 414.253906 1731235082.0430
CHLD 1592326 417.851562 1731235082.0430
CHLD 1592327 414.394531 1731235082.0431
CHLD 1592328 417.281250 1731235082.0431
CHLD 1592329 416.730469 1731235082.0431
CHLD 1592330 418.441406 1731235082.0431
CHLD 1592331 418.316406 1731235082.0431
CHLD 1592332 422.238281 1731235082.0431
MEM 4.800781 1731235082.1444
CHLD 1592321 3.000000 1731235082.2088
CHLD 1592322 3.500000 1731235082.2089
CHLD 1592323 422.414062 1731235082.2089
CHLD 1592324 414.992188 1731235082.2089
CHLD 1592325 414.253906 1731235082.2089
CHLD 1592326 417.851562 1731235082.2089
CHLD 1592327 416.394531 1731235082.2089
CHLD 1592328 417.281250 1731235082.2090
CHLD 1592329 418.730469 1731235082.2090
CHLD 1592330 418.441406 1731235082.2090
CHLD 1592331 418.316406 1731235082.2090
CHLD 1592332 422.238281 1731235082.2091
MEM 4.800781 1731235082.3213
CHLD 1592321 3.000000 1731235082.3577
CHLD 1592322 3.500000 1731235082.3577
CHLD 1592323 422.414062 1731235082.3577
CHLD 1592324 414.992188 1731235082.3577
CHLD 1592325 414.253906 1731235082.3578
CHLD 1592326 417.851562 1731235082.3578
CHLD 1592327 416.394531 1731235082.3578
CHLD 1592328 417.281250 1731235082.3578
CHLD 1592329 418.730469 1731235082.3578
CHLD 1592330 418.441406 1731235082.3579
CHLD 1592331 418.316406 1731235082.3579
CHLD 1592332 422.238281 1731235082.3579
MEM 4.800781 1731235082.4646
CHLD 1592321 3.000000 1731235082.5071
CHLD 1592322 3.500000 1731235082.5071
CHLD 1592323 422.414062 1731235082.5071
CHLD 1592324 417.492188 1731235082.5071
CHLD 1592325 414.253906 1731235082.5072
CHLD 1592326 417.851562 1731235082.5072
CHLD 1592327 416.394531 1731235082.5072
CHLD 1592328 417.281250 1731235082.5072
CHLD 1592329 418.730469 1731235082.5072
CHLD 1592330 418.441406 1731235082.5072
CHLD 1592331 418.316406 1731235082.5073
CHLD 1592332 422.238281 1731235082.5073
MEM 4.800781 1731235082.6246
CHLD 1592321 3.000000 1731235082.6649
CHLD 1592322 3.500000 1731235082.6649
CHLD 1592323 422.414062 1731235082.6649
CHLD 1592324 417.492188 1731235082.6650
CHLD 1592325 414.253906 1731235082.6650
CHLD 1592326 419.851562 1731235082.6650
CHLD 1592327 416.394531 1731235082.6650
CHLD 1592328 419.281250 1731235082.6651
CHLD 1592329 418.730469 1731235082.6651
CHLD 1592330 418.441406 1731235082.6651
CHLD 1592331 418.316406 1731235082.6651
CHLD 1592332 422.238281 1731235082.6652
MEM 4.800781 1731235082.7682
CHLD 1592321 3.000000 1731235082.8718
CHLD 1592322 3.500000 1731235082.8718
CHLD 1592323 422.414062 1731235082.8718
CHLD 1592324 417.492188 1731235082.8718
CHLD 1592325 417.253906 1731235082.8718
CHLD 1592326 420.351562 1731235082.8719
CHLD 1592327 416.394531 1731235082.8719
CHLD 1592328 419.281250 1731235082.8719
CHLD 1592329 418.730469 1731235082.8719
CHLD 1592330 418.441406 1731235082.8719
CHLD 1592331 418.316406 1731235082.8719
CHLD 1592332 422.738281 1731235082.8720
MEM 4.800781 1731235082.9746
CHLD 1592321 3.000000 1731235083.0175
CHLD 1592322 3.500000 1731235083.0175
CHLD 1592323 422.414062 1731235083.0175
CHLD 1592324 417.492188 1731235083.0175
CHLD 1592325 417.253906 1731235083.0175
CHLD 1592326 420.351562 1731235083.0176
CHLD 1592327 416.394531 1731235083.0176
CHLD 1592328 419.281250 1731235083.0176
CHLD 1592329 418.730469 1731235083.0176
CHLD 1592330 419.941406 1731235083.0176
CHLD 1592331 419.816406 1731235083.0176
CHLD 1592332 422.738281 1731235083.0177
MEM 4.800781 1731235083.1178
CHLD 1592321 3.000000 1731235083.1586
CHLD 1592322 3.500000 1731235083.1586
CHLD 1592323 422.414062 1731235083.1586
CHLD 1592324 417.492188 1731235083.1586
CHLD 1592325 417.253906 1731235083.1586
CHLD 1592326 420.351562 1731235083.1586
CHLD 1592327 418.394531 1731235083.1587
CHLD 1592328 419.281250 1731235083.1587
CHLD 1592329 418.730469 1731235083.1587
CHLD 1592330 419.941406 1731235083.1587
CHLD 1592331 419.816406 1731235083.1587
CHLD 1592332 424.738281 1731235083.1587
MEM 4.800781 1731235083.2746
CHLD 1592321 3.000000 1731235083.3350
CHLD 1592322 3.500000 1731235083.3351
CHLD 1592323 423.914062 1731235083.3351
CHLD 1592324 417.492188 1731235083.3351
CHLD 1592325 417.253906 1731235083.3351
CHLD 1592326 420.351562 1731235083.3351
CHLD 1592327 418.394531 1731235083.3351
CHLD 1592328 419.281250 1731235083.3351
CHLD 1592329 421.230469 1731235083.3352
CHLD 1592330 419.941406 1731235083.3352
CHLD 1592331 419.816406 1731235083.3352
CHLD 1592332 424.738281 1731235083.3352
MEM 4.800781 1731235083.4413
CHLD 1592321 3.000000 1731235083.5255
CHLD 1592322 3.500000 1731235083.5255
CHLD 1592323 426.414062 1731235083.5255
CHLD 1592324 417.492188 1731235083.5256
CHLD 1592325 417.253906 1731235083.5256
CHLD 1592326 422.351562 1731235083.5256
CHLD 1592327 418.394531 1731235083.5256
CHLD 1592328 419.781250 1731235083.5256
CHLD 1592329 423.730469 1731235083.5256
CHLD 1592330 419.941406 1731235083.5257
CHLD 1592331 419.816406 1731235083.5257
CHLD 1592332 424.738281 1731235083.5257
MEM 4.800781 1731235083.6413
CHLD 1592321 3.000000 1731235083.6774
CHLD 1592322 3.500000 1731235083.6774
CHLD 1592323 426.414062 1731235083.6774
CHLD 1592324 417.492188 1731235083.6774
CHLD 1592325 417.253906 1731235083.6774
CHLD 1592326 425.351562 1731235083.6775
CHLD 1592327 418.394531 1731235083.6775
CHLD 1592328 419.781250 1731235083.6775
CHLD 1592329 423.730469 1731235083.6775
CHLD 1592330 419.941406 1731235083.6775
CHLD 1592331 419.816406 1731235083.6775
CHLD 1592332 426.738281 1731235083.6776
MEM 4.800781 1731235083.7849
CHLD 1592321 3.000000 1731235083.8503
CHLD 1592322 3.500000 1731235083.8503
CHLD 1592323 426.414062 1731235083.8504
CHLD 1592324 418.992188 1731235083.8504
CHLD 1592325 418.753906 1731235083.8504
CHLD 1592326 425.351562 1731235083.8504
CHLD 1592327 418.394531 1731235083.8504
CHLD 1592328 420.781250 1731235083.8504
CHLD 1592329 423.730469 1731235083.8505
CHLD 1592330 419.941406 1731235083.8505
CHLD 1592331 419.816406 1731235083.8505
CHLD 1592332 426.738281 1731235083.8505
MEM 4.800781 1731235083.9546
CHLD 1592321 3.000000 1731235084.0015
CHLD 1592322 3.500000 1731235084.0015
CHLD 1592323 426.414062 1731235084.0015
CHLD 1592324 418.992188 1731235084.0015
CHLD 1592325 419.253906 1731235084.0015
CHLD 1592326 425.351562 1731235084.0015
CHLD 1592327 418.394531 1731235084.0016
CHLD 1592328 423.781250 1731235084.0016
CHLD 1592329 423.730469 1731235084.0016
CHLD 1592330 419.941406 1731235084.0016
CHLD 1592331 421.316406 1731235084.0016
CHLD 1592332 426.738281 1731235084.0016
MEM 4.800781 1731235084.1079
CHLD 1592321 3.000000 1731235084.1540
CHLD 1592322 3.500000 1731235084.1540
CHLD 1592323 426.414062 1731235084.1541
CHLD 1592324 421.992188 1731235084.1541
CHLD 1592325 422.253906 1731235084.1541
CHLD 1592326 425.351562 1731235084.1541
CHLD 1592327 418.394531 1731235084.1541
CHLD 1592328 423.781250 1731235084.1541
CHLD 1592329 423.730469 1731235084.1542
CHLD 1592330 422.441406 1731235084.1542
CHLD 1592331 423.816406 1731235084.1542
CHLD 1592332 426.738281 1731235084.1542
MEM 4.800781 1731235084.2599
CHLD 1592321 3.000000 1731235084.3426
CHLD 1592322 3.500000 1731235084.3426
CHLD 1592323 427.414062 1731235084.3427
CHLD 1592324 421.992188 1731235084.3427
CHLD 1592325 422.253906 1731235084.3427
CHLD 1592326 425.351562 1731235084.3427
CHLD 1592327 418.394531 1731235084.3427
CHLD 1592328 423.781250 1731235084.3427
CHLD 1592329 427.730469 1731235084.3427
CHLD 1592330 425.441406 1731235084.3428
CHLD 1592331 423.816406 1731235084.3428
CHLD 1592332 426.738281 1731235084.3428
MEM 4.800781 1731235084.4542
CHLD 1592321 3.000000 1731235084.5042
CHLD 1592322 3.500000 1731235084.5042
CHLD 1592323 430.414062 1731235084.5042
CHLD 1592324 421.992188 1731235084.5042
CHLD 1592325 422.253906 1731235084.5042
CHLD 1592326 427.351562 1731235084.5043
CHLD 1592327 419.894531 1731235084.5043
CHLD 1592328 423.781250 1731235084.5043
CHLD 1592329 427.730469 1731235084.5043
CHLD 1592330 425.441406 1731235084.5043
CHLD 1592331 423.816406 1731235084.5043
CHLD 1592332 426.738281 1731235084.5043
MEM 4.800781 1731235084.6146
CHLD 1592321 3.000000 1731235084.7162
CHLD 1592322 3.500000 1731235084.7162
CHLD 1592323 430.414062 1731235084.7162
CHLD 1592324 421.992188 1731235084.7162
CHLD 1592325 422.253906 1731235084.7162
CHLD 1592326 429.851562 1731235084.7162
CHLD 1592327 422.394531 1731235084.7163
CHLD 1592328 423.781250 1731235084.7163
CHLD 1592329 427.730469 1731235084.7163
CHLD 1592330 425.441406 1731235084.7163
CHLD 1592331 423.816406 1731235084.7163
CHLD 1592332 426.738281 1731235084.7163
MEM 4.800781 1731235084.8246
CHLD 1592321 3.000000 1731235084.8473
CHLD 1592322 3.500000 1731235084.8473
CHLD 1592323 430.414062 1731235084.8473
CHLD 1592324 421.992188 1731235084.8473
CHLD 1592325 423.253906 1731235084.8474
CHLD 1592326 429.851562 1731235084.8474
CHLD 1592327 422.394531 1731235084.8474
CHLD 1592328 424.781250 1731235084.8474
CHLD 1592329 427.730469 1731235084.8474
CHLD 1592330 425.441406 1731235084.8474
CHLD 1592331 423.816406 1731235084.8475
CHLD 1592332 427.738281 1731235084.8475
MEM 4.800781 1731235084.9493
CHLD 1592321 3.000000 1731235085.0161
CHLD 1592322 3.500000 1731235085.0161
CHLD 1592323 430.414062 1731235085.0161
CHLD 1592324 422.992188 1731235085.0161
CHLD 1592325 426.753906 1731235085.0161
CHLD 1592326 429.851562 1731235085.0162
CHLD 1592327 422.394531 1731235085.0162
CHLD 1592328 428.781250 1731235085.0162
CHLD 1592329 427.730469 1731235085.0162
CHLD 1592330 425.441406 1731235085.0162
CHLD 1592331 425.816406 1731235085.0162
CHLD 1592332 430.738281 1731235085.0163
MEM 4.800781 1731235085.1313
CHLD 1592321 3.000000 1731235085.2095
CHLD 1592322 3.500000 1731235085.2095
CHLD 1592323 430.414062 1731235085.2095
CHLD 1592324 426.992188 1731235085.2096
CHLD 1592325 426.753906 1731235085.2096
CHLD 1592326 429.851562 1731235085.2096
CHLD 1592327 422.394531 1731235085.2096
CHLD 1592328 428.781250 1731235085.2096
CHLD 1592329 429.730469 1731235085.2096
CHLD 1592330 426.441406 1731235085.2097
CHLD 1592331 428.816406 1731235085.2097
CHLD 1592332 430.738281 1731235085.2097
MEM 4.800781 1731235085.3127
CHLD 1592321 3.000000 1731235085.3333
CHLD 1592322 3.500000 1731235085.3334
CHLD 1592323 432.914062 1731235085.3334
CHLD 1592324 426.992188 1731235085.3334
CHLD 1592325 426.753906 1731235085.3334
CHLD 1592326 429.851562 1731235085.3335
CHLD 1592327 423.394531 1731235085.3335
CHLD 1592328 428.781250 1731235085.3335
CHLD 1592329 429.730469 1731235085.3335
CHLD 1592330 429.441406 1731235085.3335
CHLD 1592331 428.816406 1731235085.3335
CHLD 1592332 430.738281 1731235085.3336
MEM 4.800781 1731235085.4352
CHLD 1592321 3.000000 1731235085.5334
CHLD 1592322 3.500000 1731235085.5334
CHLD 1592323 432.914062 1731235085.5334
CHLD 1592324 426.992188 1731235085.5335
CHLD 1592325 426.753906 1731235085.5335
CHLD 1592326 431.851562 1731235085.5335
CHLD 1592327 427.394531 1731235085.5335
CHLD 1592328 428.781250 1731235085.5335
CHLD 1592329 429.730469 1731235085.5335
CHLD 1592330 429.441406 1731235085.5335
CHLD 1592331 428.816406 1731235085.5336
CHLD 1592332 430.738281 1731235085.5336
MEM 4.800781 1731235085.6366
CHLD 1592321 3.000000 1731235085.7265
CHLD 1592322 3.500000 1731235085.7265
CHLD 1592323 432.914062 1731235085.7265
CHLD 1592324 426.992188 1731235085.7265
CHLD 1592325 426.753906 1731235085.7265
CHLD 1592326 431.851562 1731235085.7266
CHLD 1592327 427.394531 1731235085.7266
CHLD 1592328 428.781250 1731235085.7266
CHLD 1592329 429.730469 1731235085.7266
CHLD 1592330 429.441406 1731235085.7266
CHLD 1592331 428.816406 1731235085.7266
CHLD 1592332 430.738281 1731235085.7266
MEM 4.800781 1731235085.8377
CHLD 1592321 3.000000 1731235085.9148
CHLD 1592322 3.500000 1731235085.9149
CHLD 1592323 432.914062 1731235085.9149
CHLD 1592324 426.992188 1731235085.9149
CHLD 1592325 426.753906 1731235085.9149
CHLD 1592326 431.851562 1731235085.9149
CHLD 1592327 427.394531 1731235085.9149
CHLD 1592328 428.781250 1731235085.9150
CHLD 1592329 429.730469 1731235085.9150
CHLD 1592330 429.441406 1731235085.9150
CHLD 1592331 428.816406 1731235085.9150
CHLD 1592332 432.738281 1731235085.9150
MEM 4.800781 1731235086.0156
CHLD 1592321 3.000000 1731235086.0369
CHLD 1592322 3.500000 1731235086.0370
CHLD 1592323 432.914062 1731235086.0370
CHLD 1592324 426.992188 1731235086.0370
CHLD 1592325 428.753906 1731235086.0370
CHLD 1592326 431.851562 1731235086.0370
CHLD 1592327 427.394531 1731235086.0370
CHLD 1592328 428.781250 1731235086.0371
CHLD 1592329 429.730469 1731235086.0371
CHLD 1592330 429.441406 1731235086.0371
CHLD 1592331 430.816406 1731235086.0371
CHLD 1592332 432.738281 1731235086.0371
MEM 4.800781 1731235086.1409
CHLD 1592321 3.000000 1731235086.1858
CHLD 1592322 3.500000 1731235086.1858
CHLD 1592323 433.414062 1731235086.1858
CHLD 1592324 428.492188 1731235086.1858
CHLD 1592325 428.753906 1731235086.1859
CHLD 1592326 431.851562 1731235086.1859
CHLD 1592327 427.394531 1731235086.1859
CHLD 1592328 430.781250 1731235086.1859
CHLD 1592329 429.730469 1731235086.1859
CHLD 1592330 431.441406 1731235086.1859
CHLD 1592331 430.816406 1731235086.1859
CHLD 1592332 432.738281 1731235086.1860
MEM 4.800781 1731235086.2979
CHLD 1592321 3.000000 1731235086.3714
CHLD 1592322 3.500000 1731235086.3715
CHLD 1592323 433.414062 1731235086.3715
CHLD 1592324 428.492188 1731235086.3715
CHLD 1592325 428.753906 1731235086.3715
CHLD 1592326 432.851562 1731235086.3715
CHLD 1592327 427.394531 1731235086.3716
CHLD 1592328 430.781250 1731235086.3716
CHLD 1592329 430.730469 1731235086.3716
CHLD 1592330 431.441406 1731235086.3716
CHLD 1592331 430.816406 1731235086.3716
CHLD 1592332 432.738281 1731235086.3717
MEM 4.800781 1731235086.4844
CHLD 1592321 3.000000 1731235086.5495
CHLD 1592322 3.500000 1731235086.5495
CHLD 1592323 433.414062 1731235086.5495
CHLD 1592324 428.492188 1731235086.5495
CHLD 1592325 428.753906 1731235086.5496
CHLD 1592326 435.851562 1731235086.5496
CHLD 1592327 429.394531 1731235086.5496
CHLD 1592328 430.781250 1731235086.5496
CHLD 1592329 433.230469 1731235086.5496
CHLD 1592330 431.441406 1731235086.5496
CHLD 1592331 430.816406 1731235086.5496
CHLD 1592332 432.738281 1731235086.5497
MEM 4.800781 1731235086.6554
CHLD 1592321 3.000000 1731235086.6937
CHLD 1592322 3.500000 1731235086.6937
CHLD 1592323 433.914062 1731235086.6937
CHLD 1592324 428.492188 1731235086.6937
CHLD 1592325 428.753906 1731235086.6937
CHLD 1592326 435.851562 1731235086.6938
CHLD 1592327 429.394531 1731235086.6938
CHLD 1592328 430.781250 1731235086.6938
CHLD 1592329 433.230469 1731235086.6938
CHLD 1592330 431.441406 1731235086.6938
CHLD 1592331 430.816406 1731235086.6938
CHLD 1592332 432.738281 1731235086.6939
MEM 4.800781 1731235086.7940
CHLD 1592321 3.000000 1731235086.8610
CHLD 1592322 3.500000 1731235086.8610
CHLD 1592323 436.914062 1731235086.8610
CHLD 1592324 428.492188 1731235086.8610
CHLD 1592325 428.753906 1731235086.8611
CHLD 1592326 435.851562 1731235086.8611
CHLD 1592327 429.394531 1731235086.8611
CHLD 1592328 430.781250 1731235086.8674
CHLD 1592329 433.230469 1731235086.8674
CHLD 1592330 431.441406 1731235086.8674
CHLD 1592331 430.816406 1731235086.8675
CHLD 1592332 432.738281 1731235086.8675
MEM 4.800781 1731235086.9706
CHLD 1592321 3.000000 1731235087.0021
CHLD 1592322 3.500000 1731235087.0021
CHLD 1592323 436.914062 1731235087.0021
CHLD 1592324 428.492188 1731235087.0021
CHLD 1592325 428.753906 1731235087.0022
CHLD 1592326 435.851562 1731235087.0022
CHLD 1592327 429.394531 1731235087.0022
CHLD 1592328 430.781250 1731235087.0022
CHLD 1592329 433.230469 1731235087.0022
CHLD 1592330 431.441406 1731235087.0022
CHLD 1592331 430.816406 1731235087.0023
CHLD 1592332 432.738281 1731235087.0023
MEM 4.800781 1731235087.1080
CHLD 1592321 3.000000 1731235087.1465
CHLD 1592322 3.500000 1731235087.1465
CHLD 1592323 436.914062 1731235087.1465
CHLD 1592324 428.492188 1731235087.1465
CHLD 1592325 429.753906 1731235087.1465
CHLD 1592326 435.851562 1731235087.1466
CHLD 1592327 429.394531 1731235087.1466
CHLD 1592328 430.781250 1731235087.1466
CHLD 1592329 433.230469 1731235087.1466
CHLD 1592330 431.441406 1731235087.1466
CHLD 1592331 431.816406 1731235087.1466
CHLD 1592332 433.738281 1731235087.1467
MEM 4.800781 1731235087.2556
CHLD 1592321 3.000000 1731235087.3379
CHLD 1592322 3.500000 1731235087.3379
CHLD 1592323 436.914062 1731235087.3379
CHLD 1592324 429.492188 1731235087.3379
CHLD 1592325 432.253906 1731235087.3379
CHLD 1592326 437.851562 1731235087.3379
CHLD 1592327 429.394531 1731235087.3380
CHLD 1592328 431.781250 1731235087.3380
CHLD 1592329 433.230469 1731235087.3380
CHLD 1592330 434.441406 1731235087.3380
CHLD 1592331 434.316406 1731235087.3380
CHLD 1592332 436.738281 1731235087.3380
MEM 4.800781 1731235087.4499
CHLD 1592321 3.000000 1731235087.4868
CHLD 1592322 3.500000 1731235087.4868
CHLD 1592323 436.914062 1731235087.4869
CHLD 1592324 432.492188 1731235087.4869
CHLD 1592325 432.253906 1731235087.4869
CHLD 1592326 437.851562 1731235087.4870
CHLD 1592327 429.394531 1731235087.4870
CHLD 1592328 434.281250 1731235087.4870
CHLD 1592329 435.230469 1731235087.4870
CHLD 1592330 434.441406 1731235087.4871
CHLD 1592331 434.316406 1731235087.4871
CHLD 1592332 436.738281 1731235087.4871
MEM 4.800781 1731235087.5874
CHLD 1592321 3.000000 1731235087.6608
CHLD 1592322 3.500000 1731235087.6608
CHLD 1592323 436.914062 1731235087.6608
CHLD 1592324 432.492188 1731235087.6608
CHLD 1592325 432.253906 1731235087.6608
CHLD 1592326 438.851562 1731235087.6609
CHLD 1592327 429.394531 1731235087.6609
CHLD 1592328 434.281250 1731235087.6609
CHLD 1592329 435.230469 1731235087.6609
CHLD 1592330 434.441406 1731235087.6609
CHLD 1592331 434.316406 1731235087.6609
CHLD 1592332 436.738281 1731235087.6609
MEM 4.800781 1731235087.7646
CHLD 1592321 3.000000 1731235087.7851
CHLD 1592322 3.500000 1731235087.7852
CHLD 1592323 438.414062 1731235087.7852
CHLD 1592324 432.492188 1731235087.7852
CHLD 1592325 432.253906 1731235087.7852
CHLD 1592326 438.851562 1731235087.7852
CHLD 1592327 430.394531 1731235087.7852
CHLD 1592328 434.281250 1731235087.7853
CHLD 1592329 435.230469 1731235087.7853
CHLD 1592330 434.441406 1731235087.7853
CHLD 1592331 434.316406 1731235087.7853
CHLD 1592332 441.738281 1731235087.7853
MEM 4.800781 1731235087.8879
CHLD 1592321 3.000000 1731235087.9421
CHLD 1592322 3.500000 1731235087.9421
CHLD 1592323 438.414062 1731235087.9421
CHLD 1592324 432.492188 1731235087.9421
